96 1492351265 0.000000 0.000000 -101.000000 0.000000 0.000000
96 1492351266 0.000000 0.000000 -101.000000 0.000000 0.000000
96 1492351267 0.000000 0.000000 -101.000000 0.000000 0.000000
96 1492351268 0.000000 0.000000 -101.000000 0.000000 0.000000
96 1492351269 2.000000 6.200000 12.400000 12.400000 -20.200000
96 1492351270 2.000000 6.200000 24.800000 24.800000 -20.200000
96 1492351271 2.000000 6.200000 37.200000 37.200000 -20.200000
96 1492351272 2.000000 6.200000 49.600000 49.600000 -20.200000
96 1492351273 2.000000 6.200000 62.000000 62.000000 -20.200000
96 1492351274 -0.368421 7.600000 59.200000 59.200000 -20.200000
96 1492351275 -0.368421 7.600000 56.400000 56.400000 -20.200000
96 1492351276 -0.368421 7.600000 53.600000 53.600000 -20.200000
96 1492351277 -0.368421 7.600000 50.800000 50.800000 -20.200000
96 1492351278 -0.368421 7.600000 48.000000 48.000000 -20.200000
96 1492351279 -0.492754 13.800000 41.200000 41.200000 -20.200000
96 1492351280 -0.492754 13.800000 34.400000 34.400000 -20.200000
96 1492351281 -0.492754 13.800000 27.600000 27.600000 -20.200000
96 1492351282 -0.492754 13.800000 20.800000 20.800000 -20.200000
96 1492351283 -0.492754 13.800000 14.000000 14.000000 -20.200000
96 1492351284 0.500000 18.400000 23.200000 23.200000 -20.200000
96 1492351285 0.500000 18.400000 32.400000 32.400000 -20.200000
96 1492351286 0.500000 18.400000 41.600000 41.600000 -20.200000
96 1492351287 0.500000 18.400000 50.800000 50.800000 -20.200000
96 1492351288 0.500000 18.400000 60.000000 60.000000 -20.200000
96 1492351289 0.010753 18.600000 60.200000 60.200000 -20.200000
96 1492351290 0.010753 18.600000 60.400000 60.400000 -20.200000
96 1492351291 0.010753 18.600000 60.600000 60.600000 -20.200000
96 1492351292 0.010753 18.600000 60.800000 60.800000 -20.200000
96 1492351293 0.010753 18.600000 61.000000 61.000000 -20.200000
96 1492351294 0.000000 18.600000 61.000000 61.000000 -20.200000
96 1492351295 0.000000 18.600000 61.000000 61.000000 -20.200000
96 1492351296 0.000000 18.600000 61.000000 61.000000 -20.200000
96 1492351297 0.000000 18.600000 61.000000 61.000000 -20.200000
96 1492351298 0.000000 18.600000 61.000000 61.000000 -20.200000
96 1492351299 0.010638 18.800000 61.200000 61.200000 -20.200000
96 1492351300 0.010638 18.800000 61.400000 61.400000 -20.200000
96 1492351301 0.010638 18.800000 61.600000 61.600000 -20.200000
96 1492351302 0.010638 18.800000 61.800000 61.800000 -20.200000
96 1492351303 0.010638 18.800000 62.000000 62.000000 -20.200000
96 1492351304 0.000000 18.800000 62.000000 62.000000 -20.200000
96 1492351305 0.000000 18.800000 62.000000 62.000000 -20.200000
96 1492351306 0.000000 18.800000 62.000000 62.000000 -20.200000
96 1492351307 0.000000 18.800000 62.000000 62.000000 -20.200000
96 1492351308 0.000000 18.800000 62.000000 62.000000 -20.200000
96 1492351309 0.000000 18.800000 62.000000 62.000000 -20.200000
96 1492351310 0.000000 18.800000 62.000000 62.000000 -20.200000
96 1492351311 0.000000 18.800000 62.000000 62.000000 -20.200000
96 1492351312 0.000000 18.800000 62.000000 62.000000 -20.200000
96 1492351313 0.000000 18.800000 62.000000 62.000000 -20.200000
96 1492351314 0.000000 19.800000 62.000000 62.000000 -20.200000
96 1492351315 0.000000 19.800000 62.000000 62.000000 -20.200000
96 1492351316 0.000000 19.800000 62.000000 62.000000 -20.200000
96 1492351317 0.000000 19.800000 62.000000 62.000000 -20.200000
96 1492351318 0.000000 19.800000 62.000000 62.000000 -20.200000
96 1492351319 0.000000 25.000000 62.000000 62.000000 -20.200000
96 1492351320 0.000000 25.000000 62.000000 62.000000 -20.200000
96 1492351321 0.000000 25.000000 62.000000 62.000000 -20.200000
96 1492351322 0.000000 25.000000 62.000000 62.000000 -20.200000
96 1492351323 0.000000 25.000000 62.000000 62.000000 -20.200000
96 1492351324 0.000000 25.000000 62.000000 62.000000 -20.200000
96 1492351325 0.000000 25.000000 62.000000 62.000000 -20.200000
96 1492351326 0.000000 25.000000 62.000000 62.000000 -20.200000
96 1492351327 0.000000 25.000000 62.000000 62.000000 -20.200000
96 1492351328 0.000000 25.000000 62.000000 62.000000 -20.200000
96 1492351329 0.000000 25.000000 62.000000 62.000000 -20.200000
96 1492351330 0.000000 25.000000 62.000000 62.000000 -20.200000
96 1492351331 0.000000 25.000000 62.000000 62.000000 -20.200000
96 1492351332 0.000000 25.000000 62.000000 62.000000 -20.200000
96 1492351333 0.000000 25.000000 62.000000 62.000000 -20.200000
96 1492351334 0.000000 26.000000 62.000000 62.000000 -20.200000
96 1492351335 0.000000 26.000000 62.000000 62.000000 -20.200000
96 1492351336 0.000000 26.000000 62.000000 62.000000 -20.200000
96 1492351337 0.000000 26.000000 62.000000 62.000000 -20.200000
96 1492351338 0.000000 26.000000 62.000000 62.000000 -20.200000
96 1492351339 0.000000 27.400000 62.000000 62.000000 -20.200000
96 1492351340 0.000000 27.400000 62.000000 62.000000 -20.200000
96 1492351341 0.000000 27.400000 62.000000 62.000000 -20.200000
96 1492351342 0.000000 27.400000 62.000000 62.000000 -20.200000
96 1492351343 0.000000 27.400000 62.000000 62.000000 -20.200000
96 1492351344 0.000000 31.200000 62.000000 62.000000 -20.200000
96 1492351345 0.000000 31.200000 62.000000 62.000000 -20.200000
96 1492351346 0.000000 31.200000 62.000000 62.000000 -20.200000
96 1492351347 0.000000 31.200000 62.000000 62.000000 -20.200000
96 1492351348 0.000000 31.200000 62.000000 62.000000 -20.200000
96 1492351349 0.000000 31.200000 62.000000 62.000000 -20.200000
96 1492351350 0.000000 31.200000 62.000000 62.000000 -20.200000
96 1492351351 0.000000 31.200000 62.000000 62.000000 -20.200000
96 1492351352 0.000000 31.200000 62.000000 62.000000 -20.200000
96 1492351353 0.000000 31.200000 62.000000 62.000000 -20.200000
96 1492351354 0.000000 31.400000 62.000000 62.000000 -20.200000
96 1492351355 0.000000 31.400000 62.000000 62.000000 -20.200000
96 1492351356 0.000000 31.400000 62.000000 62.000000 -20.200000
96 1492351357 0.000000 31.400000 62.000000 62.000000 -20.200000
96 1492351358 0.000000 31.400000 62.000000 62.000000 -20.200000
96 1492351359 0.000000 33.400000 62.000000 62.000000 -20.200000
96 1492351360 0.000000 33.400000 62.000000 62.000000 -20.200000
96 1492351361 0.000000 33.400000 62.000000 62.000000 -20.200000
96 1492351362 0.000000 33.400000 62.000000 62.000000 -20.200000
96 1492351363 0.000000 33.400000 62.000000 62.000000 -20.200000
96 1492351364 0.000000 35.600000 62.000000 62.000000 -20.200000
96 1492351365 0.000000 35.600000 62.000000 62.000000 -20.200000
96 1492351366 0.000000 35.600000 62.000000 62.000000 -20.200000
96 1492351367 0.000000 35.600000 62.000000 62.000000 -20.200000
96 1492351368 0.000000 35.600000 62.000000 62.000000 -20.200000
96 1492351369 0.000000 37.400000 62.000000 62.000000 -20.200000
96 1492351370 0.000000 37.400000 62.000000 62.000000 -20.200000
96 1492351371 0.000000 37.400000 62.000000 62.000000 -20.200000
96 1492351372 0.000000 37.400000 62.000000 62.000000 -20.200000
96 1492351373 0.000000 37.400000 62.000000 62.000000 -20.200000
96 1492351374 0.000000 37.600000 62.000000 62.000000 -20.200000
96 1492351375 0.000000 37.600000 62.000000 62.000000 -20.200000
96 1492351376 0.000000 37.600000 62.000000 62.000000 -20.200000
96 1492351377 0.000000 37.600000 62.000000 62.000000 -20.200000
96 1492351378 0.000000 37.600000 62.000000 62.000000 -20.200000
96 1492351379 0.000000 38.600000 62.000000 62.000000 -20.200000
96 1492351380 0.000000 38.600000 62.000000 62.000000 -20.200000
96 1492351381 0.000000 38.600000 62.000000 62.000000 -20.200000
96 1492351382 0.000000 38.600000 62.000000 62.000000 -20.200000
96 1492351383 0.000000 38.600000 62.000000 62.000000 -20.200000
96 1492351384 0.000000 41.600000 62.000000 62.000000 -20.200000
96 1492351385 0.000000 41.600000 62.000000 62.000000 -20.200000
96 1492351386 0.000000 41.600000 62.000000 62.000000 -20.200000
96 1492351387 0.000000 41.600000 62.000000 62.000000 -20.200000
96 1492351388 0.000000 41.600000 62.000000 62.000000 -20.200000
96 1492351389 0.000000 43.400000 62.000000 62.000000 -20.200000
96 1492351390 0.000000 43.400000 62.000000 62.000000 -20.200000
96 1492351391 0.000000 43.400000 62.000000 62.000000 -20.200000
96 1492351392 0.000000 43.400000 62.000000 62.000000 -20.200000
96 1492351393 0.000000 43.400000 62.000000 62.000000 -20.200000
96 1492351394 0.000000 43.800000 62.000000 62.000000 -20.200000
96 1492351395 0.000000 43.800000 62.000000 62.000000 -20.200000
96 1492351396 0.000000 43.800000 62.000000 62.000000 -20.200000
96 1492351397 0.000000 43.800000 62.000000 62.000000 -20.200000
96 1492351398 0.000000 43.800000 62.000000 62.000000 -20.200000
96 1492351399 0.000000 44.400000 62.000000 62.000000 -20.200000
96 1492351400 0.000000 44.400000 62.000000 62.000000 -20.200000
96 1492351401 0.000000 44.400000 62.000000 62.000000 -20.200000
96 1492351402 0.000000 44.400000 62.000000 62.000000 -20.200000
96 1492351403 0.000000 44.400000 62.000000 62.000000 -20.200000
96 1492351404 0.000000 47.000000 62.000000 62.000000 -20.200000
96 1492351405 0.000000 47.000000 62.000000 62.000000 -20.200000
96 1492351406 0.000000 47.000000 62.000000 62.000000 -20.200000
96 1492351407 0.000000 47.000000 62.000000 62.000000 -20.200000
96 1492351408 0.000000 47.000000 62.000000 62.000000 -20.200000
96 1492351409 0.000000 48.400000 62.000000 62.000000 -20.200000
96 1492351410 0.000000 48.400000 62.000000 62.000000 -20.200000
96 1492351411 0.000000 48.400000 62.000000 62.000000 -20.200000
96 1492351412 0.000000 48.400000 62.000000 62.000000 -20.200000
96 1492351413 0.000000 48.400000 62.000000 62.000000 -20.200000
96 1492351414 0.000000 49.800000 62.000000 62.000000 -20.200000
96 1492351415 0.000000 49.800000 62.000000 62.000000 -20.200000
96 1492351416 0.000000 49.800000 62.000000 62.000000 -20.200000
96 1492351417 0.000000 49.800000 62.000000 62.000000 -20.200000
96 1492351418 0.000000 49.800000 62.000000 62.000000 -20.200000
96 1492351419 0.000000 50.000000 62.000000 62.000000 -20.200000
96 1492351420 0.000000 50.000000 62.000000 62.000000 -20.200000
96 1492351421 0.000000 50.000000 62.000000 62.000000 -20.200000
96 1492351422 0.000000 50.000000 62.000000 62.000000 -20.200000
96 1492351423 0.000000 50.000000 62.000000 62.000000 -20.200000
96 1492351424 0.000000 52.400000 62.000000 62.000000 -20.200000
96 1492351425 0.000000 52.400000 62.000000 62.000000 -20.200000
96 1492351426 0.000000 52.400000 62.000000 62.000000 -20.200000
96 1492351427 0.000000 52.400000 62.000000 62.000000 -20.200000
96 1492351428 0.000000 52.400000 62.000000 62.000000 -20.200000
96 1492351429 0.000000 54.600000 62.000000 62.000000 -20.200000
96 1492351430 0.000000 54.600000 62.000000 62.000000 -20.200000
96 1492351431 0.000000 54.600000 62.000000 62.000000 -20.200000
96 1492351432 0.000000 54.600000 62.000000 62.000000 -20.200000
96 1492351433 0.000000 54.600000 62.000000 62.000000 -20.200000
96 1492351434 0.000000 56.000000 62.000000 62.000000 -20.200000
96 1492351435 0.000000 56.000000 62.000000 62.000000 -20.200000
96 1492351497 -62.000000 0.250000 0.000000 0.000000 2610.312500
96 1492351496 -62.000000 0.250000 15.500000 15.500000 2610.312500
96 1492351495 -62.000000 0.250000 31.000000 31.000000 2610.312500
96 1492351494 -62.000000 0.250000 46.500000 46.500000 2610.312500
96 1492351493 0.000000 0.200000 62.000000 62.000000 2040.200000
96 1492351492 0.000000 0.200000 62.000000 62.000000 2040.200000
96 1492351491 0.000000 0.200000 62.000000 62.000000 2040.200000
96 1492351490 0.000000 0.200000 62.000000 62.000000 2040.200000
96 1492351489 0.000000 0.200000 62.000000 62.000000 2040.200000
96 1492351488 0.000000 0.200000 62.000000 62.000000 2040.200000
96 1492351487 0.000000 0.200000 62.000000 62.000000 2040.200000
96 1492351486 0.000000 0.200000 62.000000 62.000000 2040.200000
96 1492351485 0.000000 0.200000 62.000000 62.000000 2040.200000
96 1492351484 0.000000 0.200000 62.000000 62.000000 2040.200000
96 1492351483 0.000000 0.200000 62.000000 62.000000 2040.200000
96 1492351482 0.000000 0.200000 62.000000 62.000000 2040.200000
96 1492351481 0.000000 0.200000 62.000000 62.000000 2040.200000
96 1492351480 0.000000 0.200000 62.000000 62.000000 2040.200000
96 1492351479 0.000000 0.200000 62.000000 62.000000 2040.200000
96 1492351478 0.000000 0.200000 62.000000 62.000000 2040.200000
96 1492351477 0.000000 0.200000 62.000000 62.000000 2040.200000
96 1492351476 0.000000 0.200000 62.000000 62.000000 2040.200000
96 1492351475 0.000000 0.200000 62.000000 62.000000 2040.200000
96 1492351474 0.000000 0.200000 62.000000 62.000000 2040.200000
96 1492351473 0.000000 0.200000 62.000000 62.000000 2040.200000
96 1492351472 0.000000 0.200000 62.000000 62.000000 2040.200000
96 1492351471 0.000000 0.200000 62.000000 62.000000 2040.200000
96 1492351470 0.000000 0.200000 62.000000 62.000000 2040.200000
96 1492351469 0.000000 0.200000 62.000000 62.000000 2040.200000
96 1492351468 0.000000 0.200000 62.000000 62.000000 2040.200000
96 1492351467 0.000000 0.200000 62.000000 62.000000 2040.200000
96 1492351466 0.000000 0.200000 62.000000 62.000000 2040.200000
96 1492351465 0.000000 0.200000 62.000000 62.000000 2040.200000
96 1492351464 0.000000 0.200000 62.000000 62.000000 2040.200000
96 1492351463 0.000000 0.200000 62.000000 62.000000 2040.200000
96 1492351462 0.000000 0.200000 62.000000 62.000000 2040.200000
96 1492351461 0.000000 0.200000 62.000000 62.000000 2040.200000
96 1492351460 0.000000 0.200000 62.000000 62.000000 2040.200000
96 1492351459 0.000000 0.200000 62.000000 62.000000 2040.200000
96 1492351458 0.000000 0.200000 62.000000 62.000000 2040.200000
96 1492351457 0.000000 0.200000 62.000000 62.000000 2040.200000
96 1492351456 0.000000 0.200000 62.000000 62.000000 2040.200000
96 1492351455 0.000000 0.200000 62.000000 62.000000 2040.200000
96 1492351454 0.000000 0.200000 62.000000 62.000000 2040.200000
96 1492351453 0.000000 0.200000 62.000000 62.000000 2040.200000
96 1492351452 0.000000 0.200000 62.000000 62.000000 2040.200000
96 1492351451 0.000000 0.200000 62.000000 62.000000 2040.200000
96 1492351450 0.000000 0.200000 62.000000 62.000000 2040.200000
96 1492351449 0.000000 0.200000 62.000000 62.000000 2040.200000
96 1492351448 0.000000 0.200000 62.000000 62.000000 2040.200000
96 1492351447 0.000000 0.200000 62.000000 62.000000 2040.200000
96 1492351446 0.000000 0.200000 62.000000 62.000000 2040.200000
96 1492351445 0.000000 0.200000 62.000000 62.000000 2040.200000
96 1492351444 0.000000 0.200000 62.000000 62.000000 2040.200000
96 1492351443 0.000000 0.200000 62.000000 62.000000 2040.200000
96 1492351442 0.000000 0.200000 62.000000 62.000000 2040.200000
96 1492351441 0.000000 0.200000 62.000000 62.000000 2040.200000
96 1492351440 0.000000 0.200000 62.000000 62.000000 2040.200000
96 1492351439 0.000000 0.200000 62.000000 62.000000 2040.200000
96 1492351438 0.000000 0.200000 62.000000 62.000000 2040.200000
96 1492351437 0.000000 0.200000 62.000000 62.000000 2040.200000
96 1492351436 0.000000 0.200000 62.000000 62.000000 2040.200000
