71 1492351264 2.535563 1.400000 2.180459 2.703902 9.046282
71 1492351265 2.535563 1.400000 2.180459 2.703902 9.046282
71 1492351266 2.535563 1.400000 2.180459 2.703902 9.046282
71 1492351267 2.535563 1.400000 2.180459 2.703902 9.046282
71 1492351268 2.535563 1.400000 2.180459 2.703902 9.046282
80 1492351269 1.597569 1.400000 1.364594 2.508627 3.805436
80 1492351270 1.597569 1.400000 1.364594 2.508627 3.805436
71 1492351269 5.877260 4.000000 3.123094 7.655103 152.513913
71 1492351270 5.877260 4.000000 3.123094 7.655103 152.513913
80 1492351271 1.597569 1.400000 1.364594 2.508627 3.805436
71 1492351271 5.877260 4.000000 3.123094 7.655103 152.513913
80 1492351272 1.597569 1.400000 1.364594 2.508627 3.805436
71 1492351272 5.877260 4.000000 3.123094 7.655103 152.513913
80 1492351273 1.597569 1.400000 1.364594 2.508627 3.805436
71 1492351273 5.877260 4.000000 3.123094 7.655103 152.513913
80 1492351274 1.362163 4.800000 0.479284 3.097392 11.339124
99 1492351274 12.605972 1.400000 12.331785 12.790844 222.503636
71 1492351274 7.690624 0.800000 7.521794 8.013121 47.346622
80 1492351275 1.362163 4.800000 0.479284 3.097392 11.339124
99 1492351275 12.605972 1.400000 12.331785 12.790844 222.503636
71 1492351275 7.690624 0.800000 7.521794 8.013121 47.346622
80 1492351276 1.362163 4.800000 0.479284 3.097392 11.339124
99 1492351276 12.605972 1.400000 12.331785 12.790844 222.503636
71 1492351276 7.690624 0.800000 7.521794 8.013121 47.346622
80 1492351277 1.362163 4.800000 0.479284 3.097392 11.339124
99 1492351277 12.605972 1.400000 12.331785 12.790844 222.503636
71 1492351277 7.690624 0.800000 7.521794 8.013121 47.346622
80 1492351278 1.362163 4.800000 0.479284 3.097392 11.339124
105 1492351279 1.893097 3.400000 0.955315 2.885665 13.058310
99 1492351278 12.605972 1.400000 12.331785 12.790844 222.503636
99 1492351279 15.419537 4.800000 12.992265 16.694909 1151.183899
71 1492351278 7.690624 0.800000 7.521794 8.013121 47.346622
105 1492351280 1.893097 3.400000 0.955315 2.885665 13.058310
99 1492351280 15.419537 4.800000 12.992265 16.694909 1151.183899
105 1492351281 1.893097 3.400000 0.955315 2.885665 13.058310
99 1492351281 15.419537 4.800000 12.992265 16.694909 1151.183899
105 1492351282 1.893097 3.400000 0.955315 2.885665 13.058310
99 1492351282 15.419537 4.800000 12.992265 16.694909 1151.183899
105 1492351283 1.893097 3.400000 0.955315 2.885665 13.058310
99 1492351283 15.419537 4.800000 12.992265 16.694909 1151.183899
105 1492351284 2.427453 1.600000 1.880234 3.253276 9.669251
105 1492351285 2.427453 1.600000 1.880234 3.253276 9.669251
105 1492351286 2.427453 1.600000 1.880234 3.253276 9.669251
105 1492351287 2.427453 1.600000 1.880234 3.253276 9.669251
105 1492351288 2.427453 1.600000 1.880234 3.253276 9.669251
105 1492351294 14.044574 1.200000 13.716967 14.227043 236.759029
112 1492351294 11.120420 5.000000 7.824814 13.227290 631.575111
105 1492351295 14.044574 1.200000 13.716967 14.227043 236.759029
112 1492351295 11.120420 5.000000 7.824814 13.227290 631.575111
105 1492351296 14.044574 1.200000 13.716967 14.227043 236.759029
112 1492351296 11.120420 5.000000 7.824814 13.227290 631.575111
105 1492351297 14.044574 1.200000 13.716967 14.227043 236.759029
112 1492351297 11.120420 5.000000 7.824814 13.227290 631.575111
105 1492351298 14.044574 1.200000 13.716967 14.227043 236.759029
112 1492351298 11.120420 5.000000 7.824814 13.227290 631.575111
115 1492351299 1.150353 5.000000 0.355829 1.661037 7.015027
112 1492351299 1.766590 1.200000 1.125501 1.955678 3.852789
115 1492351300 1.150353 5.000000 0.355829 1.661037 7.015027
112 1492351300 1.766590 1.200000 1.125501 1.955678 3.852789
115 1492351301 1.150353 5.000000 0.355829 1.661037 7.015027
112 1492351301 1.766590 1.200000 1.125501 1.955678 3.852789
115 1492351302 1.150353 5.000000 0.355829 1.661037 7.015027
112 1492351302 1.766590 1.200000 1.125501 1.955678 3.852789
115 1492351303 1.150353 5.000000 0.355829 1.661037 7.015027
112 1492351303 1.766590 1.200000 1.125501 1.955678 3.852789
115 1492351304 1.747431 1.000000 0.944435 1.952753 3.214733
118 1492351304 0.705856 1.000000 0.680345 0.724811 0.498663
115 1492351305 1.747431 1.000000 0.944435 1.952753 3.214733
118 1492351305 0.705856 1.000000 0.680345 0.724811 0.498663
115 1492351306 1.747431 1.000000 0.944435 1.952753 3.214733
118 1492351306 0.705856 1.000000 0.680345 0.724811 0.498663
115 1492351307 1.747431 1.000000 0.944435 1.952753 3.214733
118 1492351307 0.705856 1.000000 0.680345 0.724811 0.498663
115 1492351308 1.747431 1.000000 0.944435 1.952753 3.214733
118 1492351308 0.705856 1.000000 0.680345 0.724811 0.498663
105 1492351309 1.725327 1.000000 1.579539 1.938745 3.006569
115 1492351309 2.790120 0.200000 2.790120 2.790120 1.556954
121 1492351309 31.235392 1.000000 30.636760 31.607628 975.810021
118 1492351309 2.609742 5.200000 0.537002 4.126072 41.053744
105 1492351310 1.725327 1.000000 1.579539 1.938745 3.006569
115 1492351310 2.790120 0.200000 2.790120 2.790120 1.556954
121 1492351310 31.235392 1.000000 30.636760 31.607628 975.810021
118 1492351310 2.609742 5.200000 0.537002 4.126072 41.053744
105 1492351311 1.725327 1.000000 1.579539 1.938745 3.006569
115 1492351311 2.790120 0.200000 2.790120 2.790120 1.556954
121 1492351311 31.235392 1.000000 30.636760 31.607628 975.810021
118 1492351311 2.609742 5.200000 0.537002 4.126072 41.053744
105 1492351312 1.725327 1.000000 1.579539 1.938745 3.006569
115 1492351312 2.790120 0.200000 2.790120 2.790120 1.556954
121 1492351312 31.235392 1.000000 30.636760 31.607628 975.810021
118 1492351312 2.609742 5.200000 0.537002 4.126072 41.053744
105 1492351313 1.725327 1.000000 1.579539 1.938745 3.006569
115 1492351313 2.790120 0.200000 2.790120 2.790120 1.556954
121 1492351313 31.235392 1.000000 30.636760 31.607628 975.810021
118 1492351313 2.609742 5.200000 0.537002 4.126072 41.053744
105 1492351314 3.068519 3.400000 1.944334 3.921023 33.329308
121 1492351314 33.745734 5.200000 30.919895 36.516219 5938.637809
112 1492351314 2.682350 1.000000 2.020172 2.941638 7.311273
105 1492351315 3.068519 3.400000 1.944334 3.921023 33.329308
121 1492351315 33.745734 5.200000 30.919895 36.516219 5938.637809
112 1492351315 2.682350 1.000000 2.020172 2.941638 7.311273
105 1492351316 3.068519 3.400000 1.944334 3.921023 33.329308
121 1492351316 33.745734 5.200000 30.919895 36.516219 5938.637809
112 1492351316 2.682350 1.000000 2.020172 2.941638 7.311273
105 1492351317 3.068519 3.400000 1.944334 3.921023 33.329308
121 1492351317 33.745734 5.200000 30.919895 36.516219 5938.637809
112 1492351317 2.682350 1.000000 2.020172 2.941638 7.311273
105 1492351318 3.068519 3.400000 1.944334 3.921023 33.329308
121 1492351318 33.745734 5.200000 30.919895 36.516219 5938.637809
112 1492351318 2.682350 1.000000 2.020172 2.941638 7.311273
105 1492351319 2.625845 1.800000 1.339521 3.942864 13.907555
115 1492351319 0.624539 1.000000 0.311351 1.100941 0.533269
112 1492351319 1.174722 2.800000 0.548445 1.721455 4.459843
105 1492351320 2.625845 1.800000 1.339521 3.942864 13.907555
115 1492351320 0.624539 1.000000 0.311351 1.100941 0.533269
112 1492351320 1.174722 2.800000 0.548445 1.721455 4.459843
105 1492351321 2.625845 1.800000 1.339521 3.942864 13.907555
115 1492351321 0.624539 1.000000 0.311351 1.100941 0.533269
112 1492351321 1.174722 2.800000 0.548445 1.721455 4.459843
105 1492351322 2.625845 1.800000 1.339521 3.942864 13.907555
115 1492351322 0.624539 1.000000 0.311351 1.100941 0.533269
112 1492351322 1.174722 2.800000 0.548445 1.721455 4.459843
105 1492351323 2.625845 1.800000 1.339521 3.942864 13.907555
115 1492351323 0.624539 1.000000 0.311351 1.100941 0.533269
112 1492351323 1.174722 2.800000 0.548445 1.721455 4.459843
115 1492351324 0.830829 4.400000 0.279369 1.210858 3.387759
112 1492351324 1.426808 2.400000 0.949285 1.968054 5.144719
118 1492351324 0.988259 1.000000 0.525023 1.435745 1.118093
115 1492351325 0.830829 4.400000 0.279369 1.210858 3.387759
112 1492351325 1.426808 2.400000 0.949285 1.968054 5.144719
118 1492351325 0.988259 1.000000 0.525023 1.435745 1.118093
115 1492351326 0.830829 4.400000 0.279369 1.210858 3.387759
112 1492351326 1.426808 2.400000 0.949285 1.968054 5.144719
118 1492351326 0.988259 1.000000 0.525023 1.435745 1.118093
115 1492351327 0.830829 4.400000 0.279369 1.210858 3.387759
112 1492351327 1.426808 2.400000 0.949285 1.968054 5.144719
118 1492351327 0.988259 1.000000 0.525023 1.435745 1.118093
115 1492351328 0.830829 4.400000 0.279369 1.210858 3.387759
112 1492351328 1.426808 2.400000 0.949285 1.968054 5.144719
118 1492351328 0.988259 1.000000 0.525023 1.435745 1.118093
105 1492351329 1.188908 0.200000 1.188908 1.188908 0.282700
115 1492351329 0.921513 0.800000 0.920303 0.922394 0.679350
121 1492351329 22.044437 1.000000 20.685645 23.134100 486.829991
118 1492351329 1.522278 1.400000 1.054687 1.801062 3.329678
105 1492351330 1.188908 0.200000 1.188908 1.188908 0.282700
115 1492351330 0.921513 0.800000 0.920303 0.922394 0.679350
121 1492351330 22.044437 1.000000 20.685645 23.134100 486.829991
118 1492351330 1.522278 1.400000 1.054687 1.801062 3.329678
105 1492351331 1.188908 0.200000 1.188908 1.188908 0.282700
115 1492351331 0.921513 0.800000 0.920303 0.922394 0.679350
121 1492351331 22.044437 1.000000 20.685645 23.134100 486.829991
118 1492351331 1.522278 1.400000 1.054687 1.801062 3.329678
105 1492351332 1.188908 0.200000 1.188908 1.188908 0.282700
115 1492351332 0.921513 0.800000 0.920303 0.922394 0.679350
121 1492351332 22.044437 1.000000 20.685645 23.134100 486.829991
118 1492351332 1.522278 1.400000 1.054687 1.801062 3.329678
105 1492351333 1.188908 0.200000 1.188908 1.188908 0.282700
115 1492351333 0.921513 0.800000 0.920303 0.922394 0.679350
121 1492351333 22.044437 1.000000 20.685645 23.134100 486.829991
118 1492351333 1.522278 1.400000 1.054687 1.801062 3.329678
105 1492351334 2.025268 2.200000 1.285863 2.813128 9.721838
121 1492351334 21.504984 1.400000 21.045804 22.322393 647.708458
112 1492351334 0.765244 0.600000 0.543840 1.190827 0.405725
118 1492351334 2.560823 3.800000 2.021864 3.047698 25.225314
105 1492351335 2.025268 2.200000 1.285863 2.813128 9.721838
121 1492351335 21.504984 1.400000 21.045804 22.322393 647.708458
112 1492351335 0.765244 0.600000 0.543840 1.190827 0.405725
118 1492351335 2.560823 3.800000 2.021864 3.047698 25.225314
105 1492351336 2.025268 2.200000 1.285863 2.813128 9.721838
121 1492351336 21.504984 1.400000 21.045804 22.322393 647.708458
112 1492351336 0.765244 0.600000 0.543840 1.190827 0.405725
118 1492351336 2.560823 3.800000 2.021864 3.047698 25.225314
105 1492351337 2.025268 2.200000 1.285863 2.813128 9.721838
121 1492351337 21.504984 1.400000 21.045804 22.322393 647.708458
112 1492351337 0.765244 0.600000 0.543840 1.190827 0.405725
118 1492351337 2.560823 3.800000 2.021864 3.047698 25.225314
105 1492351338 2.025268 2.200000 1.285863 2.813128 9.721838
121 1492351338 21.504984 1.400000 21.045804 22.322393 647.708458
112 1492351338 0.765244 0.600000 0.543840 1.190827 0.405725
118 1492351338 2.560823 3.800000 2.021864 3.047698 25.225314
105 1492351339 2.611147 3.800000 1.516714 3.490756 27.194587
115 1492351339 1.388398 0.600000 0.966776 1.599357 1.209918
121 1492351339 24.061613 3.800000 21.647628 25.443821 2204.387962
112 1492351339 2.136905 0.800000 1.657918 2.665830 3.801751
121 1492351340 24.061613 3.800000 21.647628 25.443821 2204.387962
112 1492351340 2.136905 0.800000 1.657918 2.665830 3.801751
105 1492351340 2.611147 3.800000 1.516714 3.490756 27.194587
115 1492351340 1.388398 0.600000 0.966776 1.599357 1.209918
105 1492351341 2.611147 3.800000 1.516714 3.490756 27.194587
115 1492351341 1.388398 0.600000 0.966776 1.599357 1.209918
121 1492351341 24.061613 3.800000 21.647628 25.443821 2204.387962
112 1492351341 2.136905 0.800000 1.657918 2.665830 3.801751
105 1492351342 2.611147 3.800000 1.516714 3.490756 27.194587
115 1492351342 1.388398 0.600000 0.966776 1.599357 1.209918
121 1492351342 24.061613 3.800000 21.647628 25.443821 2204.387962
112 1492351342 2.136905 0.800000 1.657918 2.665830 3.801751
105 1492351343 2.611147 3.800000 1.516714 3.490756 27.194587
115 1492351343 1.388398 0.600000 0.966776 1.599357 1.209918
121 1492351343 24.061613 3.800000 21.647628 25.443821 2204.387962
112 1492351343 2.136905 0.800000 1.657918 2.665830 3.801751
115 1492351344 0.861107 1.800000 0.548433 1.205386 1.411624
112 1492351344 1.675992 2.800000 1.014412 2.596129 8.725022
118 1492351344 1.352039 0.200000 1.352039 1.352039 0.365602
112 1492351345 1.675992 2.800000 1.014412 2.596129 8.725022
118 1492351345 1.352039 0.200000 1.352039 1.352039 0.365602
115 1492351345 0.861107 1.800000 0.548433 1.205386 1.411624
115 1492351346 0.861107 1.800000 0.548433 1.205386 1.411624
112 1492351346 1.675992 2.800000 1.014412 2.596129 8.725022
118 1492351346 1.352039 0.200000 1.352039 1.352039 0.365602
115 1492351347 0.861107 1.800000 0.548433 1.205386 1.411624
112 1492351347 1.675992 2.800000 1.014412 2.596129 8.725022
118 1492351347 1.352039 0.200000 1.352039 1.352039 0.365602
105 1492351349 1.774383 0.200000 1.774383 1.774383 0.629687
115 1492351348 0.861107 1.800000 0.548433 1.205386 1.411624
115 1492351349 0.946439 3.600000 0.316383 1.426340 3.561129
121 1492351349 20.718608 0.200000 20.718608 20.718608 85.852145
112 1492351348 1.675992 2.800000 1.014412 2.596129 8.725022
112 1492351349 2.214527 2.000000 1.790194 2.727432 9.998918
118 1492351348 1.352039 0.200000 1.352039 1.352039 0.365602
118 1492351349 1.753694 2.000000 1.178491 3.335406 7.043732
105 1492351350 1.774383 0.200000 1.774383 1.774383 0.629687
115 1492351350 0.946439 3.600000 0.316383 1.426340 3.561129
121 1492351350 20.718608 0.200000 20.718608 20.718608 85.852145
112 1492351350 2.214527 2.000000 1.790194 2.727432 9.998918
118 1492351350 1.753694 2.000000 1.178491 3.335406 7.043732
105 1492351351 1.774383 0.200000 1.774383 1.774383 0.629687
115 1492351351 0.946439 3.600000 0.316383 1.426340 3.561129
121 1492351351 20.718608 0.200000 20.718608 20.718608 85.852145
112 1492351351 2.214527 2.000000 1.790194 2.727432 9.998918
118 1492351351 1.753694 2.000000 1.178491 3.335406 7.043732
105 1492351352 1.774383 0.200000 1.774383 1.774383 0.629687
115 1492351352 0.946439 3.600000 0.316383 1.426340 3.561129
121 1492351352 20.718608 0.200000 20.718608 20.718608 85.852145
112 1492351352 2.214527 2.000000 1.790194 2.727432 9.998918
118 1492351352 1.753694 2.000000 1.178491 3.335406 7.043732
105 1492351353 1.774383 0.200000 1.774383 1.774383 0.629687
115 1492351353 0.946439 3.600000 0.316383 1.426340 3.561129
121 1492351353 20.718608 0.200000 20.718608 20.718608 85.852145
112 1492351353 2.214527 2.000000 1.790194 2.727432 9.998918
118 1492351353 1.753694 2.000000 1.178491 3.335406 7.043732
105 1492351354 1.722985 1.000000 1.156795 2.005381 3.070599
115 1492351354 1.011358 0.200000 1.011358 1.011358 0.204569
121 1492351354 22.672573 2.000000 21.219198 24.347798 1029.957557
112 1492351354 0.947807 0.200000 0.947807 0.947807 0.179668
118 1492351354 1.620481 2.200000 1.214360 2.094849 5.987884
105 1492351355 1.722985 1.000000 1.156795 2.005381 3.070599
115 1492351355 1.011358 0.200000 1.011358 1.011358 0.204569
121 1492351355 22.672573 2.000000 21.219198 24.347798 1029.957557
112 1492351355 0.947807 0.200000 0.947807 0.947807 0.179668
118 1492351355 1.620481 2.200000 1.214360 2.094849 5.987884
105 1492351356 1.722985 1.000000 1.156795 2.005381 3.070599
115 1492351356 1.011358 0.200000 1.011358 1.011358 0.204569
121 1492351356 22.672573 2.000000 21.219198 24.347798 1029.957557
112 1492351356 0.947807 0.200000 0.947807 0.947807 0.179668
118 1492351356 1.620481 2.200000 1.214360 2.094849 5.987884
105 1492351357 1.722985 1.000000 1.156795 2.005381 3.070599
115 1492351357 1.011358 0.200000 1.011358 1.011358 0.204569
121 1492351357 22.672573 2.000000 21.219198 24.347798 1029.957557
112 1492351357 0.947807 0.200000 0.947807 0.947807 0.179668
118 1492351357 1.620481 2.200000 1.214360 2.094849 5.987884
105 1492351358 1.722985 1.000000 1.156795 2.005381 3.070599
115 1492351358 1.011358 0.200000 1.011358 1.011358 0.204569
121 1492351358 22.672573 2.000000 21.219198 24.347798 1029.957557
112 1492351358 0.947807 0.200000 0.947807 0.947807 0.179668
118 1492351358 1.620481 2.200000 1.214360 2.094849 5.987884
105 1492351359 1.552703 2.800000 0.843558 2.315138 7.461846
115 1492351359 0.589454 0.200000 0.589454 0.589454 0.069491
121 1492351359 22.227561 2.200000 20.893824 23.568107 1088.307829
112 1492351359 0.807467 0.600000 0.621000 0.960222 0.403050
118 1492351359 1.897722 1.800000 1.506118 2.345667 6.651947
105 1492351360 1.552703 2.800000 0.843558 2.315138 7.461846
115 1492351360 0.589454 0.200000 0.589454 0.589454 0.069491
121 1492351360 22.227561 2.200000 20.893824 23.568107 1088.307829
112 1492351360 0.807467 0.600000 0.621000 0.960222 0.403050
118 1492351360 1.897722 1.800000 1.506118 2.345667 6.651947
105 1492351361 1.552703 2.800000 0.843558 2.315138 7.461846
115 1492351361 0.589454 0.200000 0.589454 0.589454 0.069491
121 1492351361 22.227561 2.200000 20.893824 23.568107 1088.307829
112 1492351361 0.807467 0.600000 0.621000 0.960222 0.403050
118 1492351361 1.897722 1.800000 1.506118 2.345667 6.651947
105 1492351362 1.552703 2.800000 0.843558 2.315138 7.461846
115 1492351362 0.589454 0.200000 0.589454 0.589454 0.069491
121 1492351362 22.227561 2.200000 20.893824 23.568107 1088.307829
112 1492351362 0.807467 0.600000 0.621000 0.960222 0.403050
118 1492351362 1.897722 1.800000 1.506118 2.345667 6.651947
105 1492351363 1.552703 2.800000 0.843558 2.315138 7.461846
115 1492351363 0.589454 0.200000 0.589454 0.589454 0.069491
121 1492351363 22.227561 2.200000 20.893824 23.568107 1088.307829
112 1492351363 0.807467 0.600000 0.621000 0.960222 0.403050
118 1492351363 1.897722 1.800000 1.506118 2.345667 6.651947
105 1492351364 3.002455 2.200000 1.700915 3.497023 20.356206
115 1492351364 1.591001 1.000000 0.894423 2.301853 2.925382
121 1492351364 24.270093 1.800000 23.684904 24.880793 1060.522645
112 1492351364 2.038959 3.200000 1.327876 3.277598 14.304512
118 1492351364 2.241338 0.200000 2.241338 2.241338 1.004719
105 1492351365 3.002455 2.200000 1.700915 3.497023 20.356206
115 1492351365 1.591001 1.000000 0.894423 2.301853 2.925382
121 1492351365 24.270093 1.800000 23.684904 24.880793 1060.522645
112 1492351365 2.038959 3.200000 1.327876 3.277598 14.304512
118 1492351365 2.241338 0.200000 2.241338 2.241338 1.004719
105 1492351366 3.002455 2.200000 1.700915 3.497023 20.356206
115 1492351366 1.591001 1.000000 0.894423 2.301853 2.925382
121 1492351366 24.270093 1.800000 23.684904 24.880793 1060.522645
112 1492351366 2.038959 3.200000 1.327876 3.277598 14.304512
118 1492351366 2.241338 0.200000 2.241338 2.241338 1.004719
105 1492351367 3.002455 2.200000 1.700915 3.497023 20.356206
115 1492351367 1.591001 1.000000 0.894423 2.301853 2.925382
121 1492351367 24.270093 1.800000 23.684904 24.880793 1060.522645
112 1492351367 2.038959 3.200000 1.327876 3.277598 14.304512
118 1492351367 2.241338 0.200000 2.241338 2.241338 1.004719
105 1492351368 3.002455 2.200000 1.700915 3.497023 20.356206
115 1492351368 1.591001 1.000000 0.894423 2.301853 2.925382
121 1492351368 24.270093 1.800000 23.684904 24.880793 1060.522645
112 1492351368 2.038959 3.200000 1.327876 3.277598 14.304512
118 1492351368 2.241338 0.200000 2.241338 2.241338 1.004719
115 1492351369 0.576437 3.000000 0.233123 0.925613 1.143805
121 1492351369 21.667124 0.200000 21.667124 21.667124 93.892853
112 1492351369 1.210619 2.200000 0.500028 1.639674 3.496443
118 1492351369 1.408665 1.000000 0.913023 1.769630 2.104011
115 1492351370 0.576437 3.000000 0.233123 0.925613 1.143805
121 1492351370 21.667124 0.200000 21.667124 21.667124 93.892853
112 1492351370 1.210619 2.200000 0.500028 1.639674 3.496443
118 1492351370 1.408665 1.000000 0.913023 1.769630 2.104011
115 1492351371 0.576437 3.000000 0.233123 0.925613 1.143805
121 1492351371 21.667124 0.200000 21.667124 21.667124 93.892853
112 1492351371 1.210619 2.200000 0.500028 1.639674 3.496443
118 1492351371 1.408665 1.000000 0.913023 1.769630 2.104011
115 1492351372 0.576437 3.000000 0.233123 0.925613 1.143805
121 1492351372 21.667124 0.200000 21.667124 21.667124 93.892853
112 1492351372 1.210619 2.200000 0.500028 1.639674 3.496443
118 1492351372 1.408665 1.000000 0.913023 1.769630 2.104011
115 1492351373 0.576437 3.000000 0.233123 0.925613 1.143805
121 1492351373 21.667124 0.200000 21.667124 21.667124 93.892853
112 1492351373 1.210619 2.200000 0.500028 1.639674 3.496443
118 1492351373 1.408665 1.000000 0.913023 1.769630 2.104011
105 1492351374 1.328285 0.800000 0.552996 1.702348 1.585698
115 1492351374 1.003292 2.000000 0.234136 1.710607 2.454995
121 1492351374 21.776256 1.000000 21.278575 22.250658 474.363833
112 1492351374 0.836446 0.200000 0.836446 0.836446 0.139928
118 1492351374 1.360912 3.000000 0.769682 2.085456 5.985234
105 1492351375 1.328285 0.800000 0.552996 1.702348 1.585698
115 1492351375 1.003292 2.000000 0.234136 1.710607 2.454995
121 1492351375 21.776256 1.000000 21.278575 22.250658 474.363833
112 1492351375 0.836446 0.200000 0.836446 0.836446 0.139928
118 1492351375 1.360912 3.000000 0.769682 2.085456 5.985234
105 1492351376 1.328285 0.800000 0.552996 1.702348 1.585698
115 1492351376 1.003292 2.000000 0.234136 1.710607 2.454995
121 1492351376 21.776256 1.000000 21.278575 22.250658 474.363833
112 1492351376 0.836446 0.200000 0.836446 0.836446 0.139928
118 1492351376 1.360912 3.000000 0.769682 2.085456 5.985234
105 1492351377 1.328285 0.800000 0.552996 1.702348 1.585698
115 1492351377 1.003292 2.000000 0.234136 1.710607 2.454995
121 1492351377 21.776256 1.000000 21.278575 22.250658 474.363833
112 1492351377 0.836446 0.200000 0.836446 0.836446 0.139928
118 1492351377 1.360912 3.000000 0.769682 2.085456 5.985234
105 1492351378 1.328285 0.800000 0.552996 1.702348 1.585698
115 1492351378 1.003292 2.000000 0.234136 1.710607 2.454995
121 1492351378 21.776256 1.000000 21.278575 22.250658 474.363833
112 1492351378 0.836446 0.200000 0.836446 0.836446 0.139928
118 1492351378 1.360912 3.000000 0.769682 2.085456 5.985234
105 1492351379 1.634568 2.000000 1.092365 2.572842 5.640312
115 1492351379 1.000917 0.200000 1.000917 1.000917 0.200367
121 1492351379 21.571508 3.000000 19.710337 22.689788 1398.623403
118 1492351379 1.837575 1.800000 1.267816 2.312396 6.264199
105 1492351380 1.634568 2.000000 1.092365 2.572842 5.640312
115 1492351380 1.000917 0.200000 1.000917 1.000917 0.200367
121 1492351380 21.571508 3.000000 19.710337 22.689788 1398.623403
118 1492351380 1.837575 1.800000 1.267816 2.312396 6.264199
105 1492351381 1.634568 2.000000 1.092365 2.572842 5.640312
115 1492351381 1.000917 0.200000 1.000917 1.000917 0.200367
121 1492351381 21.571508 3.000000 19.710337 22.689788 1398.623403
118 1492351381 1.837575 1.800000 1.267816 2.312396 6.264199
105 1492351382 1.634568 2.000000 1.092365 2.572842 5.640312
115 1492351382 1.000917 0.200000 1.000917 1.000917 0.200367
121 1492351382 21.571508 3.000000 19.710337 22.689788 1398.623403
118 1492351382 1.837575 1.800000 1.267816 2.312396 6.264199
105 1492351383 1.634568 2.000000 1.092365 2.572842 5.640312
115 1492351383 1.000917 0.200000 1.000917 1.000917 0.200367
121 1492351383 21.571508 3.000000 19.710337 22.689788 1398.623403
118 1492351383 1.837575 1.800000 1.267816 2.312396 6.264199
105 1492351384 1.638557 2.200000 1.193065 2.316584 6.124030
115 1492351384 0.630673 1.000000 0.266929 1.017014 0.499920
121 1492351384 23.276878 1.800000 21.775403 24.398278 976.701798
112 1492351384 1.263818 3.000000 0.606281 1.757158 5.230667
118 1492351384 1.645951 0.400000 1.511868 1.780034 1.090853
105 1492351385 1.638557 2.200000 1.193065 2.316584 6.124030
115 1492351385 0.630673 1.000000 0.266929 1.017014 0.499920
121 1492351385 23.276878 1.800000 21.775403 24.398278 976.701798
112 1492351385 1.263818 3.000000 0.606281 1.757158 5.230667
118 1492351385 1.645951 0.400000 1.511868 1.780034 1.090853
105 1492351386 1.638557 2.200000 1.193065 2.316584 6.124030
115 1492351386 0.630673 1.000000 0.266929 1.017014 0.499920
121 1492351386 23.276878 1.800000 21.775403 24.398278 976.701798
112 1492351386 1.263818 3.000000 0.606281 1.757158 5.230667
118 1492351386 1.645951 0.400000 1.511868 1.780034 1.090853
105 1492351387 1.638557 2.200000 1.193065 2.316584 6.124030
115 1492351387 0.630673 1.000000 0.266929 1.017014 0.499920
121 1492351387 23.276878 1.800000 21.775403 24.398278 976.701798
112 1492351387 1.263818 3.000000 0.606281 1.757158 5.230667
118 1492351387 1.645951 0.400000 1.511868 1.780034 1.090853
105 1492351388 1.638557 2.200000 1.193065 2.316584 6.124030
115 1492351388 0.630673 1.000000 0.266929 1.017014 0.499920
121 1492351388 23.276878 1.800000 21.775403 24.398278 976.701798
112 1492351388 1.263818 3.000000 0.606281 1.757158 5.230667
118 1492351388 1.645951 0.400000 1.511868 1.780034 1.090853
105 1492351389 1.480640 1.200000 0.674065 1.961619 2.843807
115 1492351389 0.703793 2.200000 0.277452 0.834400 1.146115
121 1492351389 21.989368 0.400000 19.991177 23.987559 195.010030
112 1492351389 1.384408 1.600000 1.221170 1.820129 3.123389
118 1492351389 1.513089 0.600000 1.254249 1.997129 1.444065
105 1492351390 1.480640 1.200000 0.674065 1.961619 2.843807
115 1492351390 0.703793 2.200000 0.277452 0.834400 1.146115
121 1492351390 21.989368 0.400000 19.991177 23.987559 195.010030
112 1492351390 1.384408 1.600000 1.221170 1.820129 3.123389
118 1492351390 1.513089 0.600000 1.254249 1.997129 1.444065
105 1492351391 1.480640 1.200000 0.674065 1.961619 2.843807
115 1492351391 0.703793 2.200000 0.277452 0.834400 1.146115
121 1492351391 21.989368 0.400000 19.991177 23.987559 195.010030
112 1492351391 1.384408 1.600000 1.221170 1.820129 3.123389
118 1492351391 1.513089 0.600000 1.254249 1.997129 1.444065
105 1492351392 1.480640 1.200000 0.674065 1.961619 2.843807
115 1492351392 0.703793 2.200000 0.277452 0.834400 1.146115
121 1492351392 21.989368 0.400000 19.991177 23.987559 195.010030
112 1492351392 1.384408 1.600000 1.221170 1.820129 3.123389
118 1492351392 1.513089 0.600000 1.254249 1.997129 1.444065
105 1492351393 1.480640 1.200000 0.674065 1.961619 2.843807
115 1492351393 0.703793 2.200000 0.277452 0.834400 1.146115
121 1492351393 21.989368 0.400000 19.991177 23.987559 195.010030
112 1492351393 1.384408 1.600000 1.221170 1.820129 3.123389
118 1492351393 1.513089 0.600000 1.254249 1.997129 1.444065
105 1492351394 1.536221 0.200000 1.536221 1.536221 0.471995
115 1492351394 0.601467 2.000000 0.245651 0.938360 0.845372
121 1492351394 21.106606 0.600000 19.921557 21.938939 267.737604
112 1492351394 0.953136 1.400000 0.548758 1.745994 1.507391
118 1492351394 1.327229 2.600000 0.605747 2.093643 4.894067
105 1492351395 1.536221 0.200000 1.536221 1.536221 0.471995
115 1492351395 0.601467 2.000000 0.245651 0.938360 0.845372
121 1492351395 21.106606 0.600000 19.921557 21.938939 267.737604
112 1492351395 0.953136 1.400000 0.548758 1.745994 1.507391
118 1492351395 1.327229 2.600000 0.605747 2.093643 4.894067
105 1492351396 1.536221 0.200000 1.536221 1.536221 0.471995
115 1492351396 0.601467 2.000000 0.245651 0.938360 0.845372
121 1492351396 21.106606 0.600000 19.921557 21.938939 267.737604
112 1492351396 0.953136 1.400000 0.548758 1.745994 1.507391
118 1492351396 1.327229 2.600000 0.605747 2.093643 4.894067
105 1492351397 1.536221 0.200000 1.536221 1.536221 0.471995
115 1492351397 0.601467 2.000000 0.245651 0.938360 0.845372
121 1492351397 21.106606 0.600000 19.921557 21.938939 267.737604
112 1492351397 0.953136 1.400000 0.548758 1.745994 1.507391
118 1492351397 1.327229 2.600000 0.605747 2.093643 4.894067
105 1492351398 1.536221 0.200000 1.536221 1.536221 0.471995
115 1492351398 0.601467 2.000000 0.245651 0.938360 0.845372
121 1492351398 21.106606 0.600000 19.921557 21.938939 267.737604
112 1492351398 0.953136 1.400000 0.548758 1.745994 1.507391
118 1492351398 1.327229 2.600000 0.605747 2.093643 4.894067
105 1492351399 1.814373 1.200000 1.519462 2.391912 4.074164
115 1492351399 0.984536 0.800000 0.540250 1.137496 0.828113
121 1492351399 20.994371 2.600000 19.872759 22.579833 1147.292824
112 1492351399 1.677090 0.200000 1.677090 1.677090 0.562526
118 1492351399 1.561334 1.400000 0.947059 2.131063 3.686639
105 1492351400 1.814373 1.200000 1.519462 2.391912 4.074164
115 1492351400 0.984536 0.800000 0.540250 1.137496 0.828113
121 1492351400 20.994371 2.600000 19.872759 22.579833 1147.292824
112 1492351400 1.677090 0.200000 1.677090 1.677090 0.562526
118 1492351400 1.561334 1.400000 0.947059 2.131063 3.686639
121 1492351401 20.994371 2.600000 19.872759 22.579833 1147.292824
112 1492351401 1.677090 0.200000 1.677090 1.677090 0.562526
118 1492351401 1.561334 1.400000 0.947059 2.131063 3.686639
105 1492351401 1.814373 1.200000 1.519462 2.391912 4.074164
115 1492351401 0.984536 0.800000 0.540250 1.137496 0.828113
105 1492351402 1.814373 1.200000 1.519462 2.391912 4.074164
115 1492351402 0.984536 0.800000 0.540250 1.137496 0.828113
121 1492351402 20.994371 2.600000 19.872759 22.579833 1147.292824
112 1492351402 1.677090 0.200000 1.677090 1.677090 0.562526
118 1492351402 1.561334 1.400000 0.947059 2.131063 3.686639
105 1492351403 1.814373 1.200000 1.519462 2.391912 4.074164
115 1492351403 0.984536 0.800000 0.540250 1.137496 0.828113
121 1492351403 20.994371 2.600000 19.872759 22.579833 1147.292824
112 1492351403 1.677090 0.200000 1.677090 1.677090 0.562526
118 1492351403 1.561334 1.400000 0.947059 2.131063 3.686639
105 1492351404 1.907749 3.400000 0.596491 3.016994 13.844773
115 1492351404 1.033532 0.200000 1.033532 1.033532 0.213638
121 1492351404 21.318623 1.400000 19.948466 22.280573 637.048854
112 1492351404 1.334023 1.200000 1.158530 1.550256 2.170877
118 1492351404 2.289604 1.400000 2.001637 2.669068 7.457612
105 1492351405 1.907749 3.400000 0.596491 3.016994 13.844773
115 1492351405 1.033532 0.200000 1.033532 1.033532 0.213638
121 1492351405 21.318623 1.400000 19.948466 22.280573 637.048854
112 1492351405 1.334023 1.200000 1.158530 1.550256 2.170877
118 1492351405 2.289604 1.400000 2.001637 2.669068 7.457612
121 1492351406 21.318623 1.400000 19.948466 22.280573 637.048854
112 1492351406 1.334023 1.200000 1.158530 1.550256 2.170877
118 1492351406 2.289604 1.400000 2.001637 2.669068 7.457612
105 1492351406 1.907749 3.400000 0.596491 3.016994 13.844773
115 1492351406 1.033532 0.200000 1.033532 1.033532 0.213638
105 1492351407 1.907749 3.400000 0.596491 3.016994 13.844773
115 1492351407 1.033532 0.200000 1.033532 1.033532 0.213638
121 1492351407 21.318623 1.400000 19.948466 22.280573 637.048854
112 1492351407 1.334023 1.200000 1.158530 1.550256 2.170877
118 1492351407 2.289604 1.400000 2.001637 2.669068 7.457612
105 1492351408 1.907749 3.400000 0.596491 3.016994 13.844773
115 1492351408 1.033532 0.200000 1.033532 1.033532 0.213638
121 1492351408 21.318623 1.400000 19.948466 22.280573 637.048854
112 1492351408 1.334023 1.200000 1.158530 1.550256 2.170877
118 1492351408 2.289604 1.400000 2.001637 2.669068 7.457612
105 1492351409 2.107387 1.400000 1.147696 2.800061 6.540017
115 1492351409 1.016363 2.400000 0.732185 1.306871 2.585997
121 1492351409 21.435714 1.400000 20.685235 22.105989 643.514555
112 1492351409 1.362642 3.400000 0.942559 1.844741 6.757079
118 1492351409 1.274653 0.200000 1.274653 1.274653 0.324948
105 1492351410 2.107387 1.400000 1.147696 2.800061 6.540017
115 1492351410 1.016363 2.400000 0.732185 1.306871 2.585997
121 1492351410 21.435714 1.400000 20.685235 22.105989 643.514555
112 1492351410 1.362642 3.400000 0.942559 1.844741 6.757079
118 1492351410 1.274653 0.200000 1.274653 1.274653 0.324948
121 1492351411 21.435714 1.400000 20.685235 22.105989 643.514555
112 1492351411 1.362642 3.400000 0.942559 1.844741 6.757079
118 1492351411 1.274653 0.200000 1.274653 1.274653 0.324948
105 1492351411 2.107387 1.400000 1.147696 2.800061 6.540017
115 1492351411 1.016363 2.400000 0.732185 1.306871 2.585997
105 1492351412 2.107387 1.400000 1.147696 2.800061 6.540017
115 1492351412 1.016363 2.400000 0.732185 1.306871 2.585997
121 1492351412 21.435714 1.400000 20.685235 22.105989 643.514555
112 1492351412 1.362642 3.400000 0.942559 1.844741 6.757079
118 1492351412 1.274653 0.200000 1.274653 1.274653 0.324948
105 1492351413 2.107387 1.400000 1.147696 2.800061 6.540017
115 1492351413 1.016363 2.400000 0.732185 1.306871 2.585997
121 1492351413 21.435714 1.400000 20.685235 22.105989 643.514555
112 1492351413 1.362642 3.400000 0.942559 1.844741 6.757079
118 1492351413 1.274653 0.200000 1.274653 1.274653 0.324948
105 1492351414 1.326064 0.200000 1.326064 1.326064 0.351689
115 1492351414 0.658819 2.200000 0.261905 0.875385 1.079618
121 1492351414 21.536887 0.200000 21.536887 21.536887 92.767500
112 1492351414 1.034151 1.400000 0.914161 1.237433 1.516381
118 1492351414 1.316482 2.400000 0.915813 1.802148 4.411006
105 1492351415 1.326064 0.200000 1.326064 1.326064 0.351689
115 1492351415 0.658819 2.200000 0.261905 0.875385 1.079618
121 1492351415 21.536887 0.200000 21.536887 21.536887 92.767500
112 1492351415 1.034151 1.400000 0.914161 1.237433 1.516381
118 1492351415 1.316482 2.400000 0.915813 1.802148 4.411006
121 1492351416 21.536887 0.200000 21.536887 21.536887 92.767500
112 1492351416 1.034151 1.400000 0.914161 1.237433 1.516381
118 1492351416 1.316482 2.400000 0.915813 1.802148 4.411006
105 1492351416 1.326064 0.200000 1.326064 1.326064 0.351689
115 1492351416 0.658819 2.200000 0.261905 0.875385 1.079618
105 1492351417 1.326064 0.200000 1.326064 1.326064 0.351689
115 1492351417 0.658819 2.200000 0.261905 0.875385 1.079618
121 1492351417 21.536887 0.200000 21.536887 21.536887 92.767500
112 1492351417 1.034151 1.400000 0.914161 1.237433 1.516381
118 1492351417 1.316482 2.400000 0.915813 1.802148 4.411006
105 1492351418 1.326064 0.200000 1.326064 1.326064 0.351689
115 1492351418 0.658819 2.200000 0.261905 0.875385 1.079618
121 1492351418 21.536887 0.200000 21.536887 21.536887 92.767500
112 1492351418 1.034151 1.400000 0.914161 1.237433 1.516381
118 1492351418 1.316482 2.400000 0.915813 1.802148 4.411006
105 1492351419 1.876807 1.200000 1.375846 2.157098 4.334062
105 1492351420 1.876807 1.200000 1.375846 2.157098 4.334062
115 1492351419 1.011334 1.400000 0.793078 1.242715 1.466887
115 1492351420 1.011334 1.400000 0.793078 1.242715 1.466887
121 1492351419 21.477954 2.400000 20.391833 22.236231 1107.632485
121 1492351420 21.477954 2.400000 20.391833 22.236231 1107.632485
112 1492351419 1.614198 0.200000 1.614198 1.614198 0.521127
112 1492351420 1.614198 0.200000 1.614198 1.614198 0.521127
118 1492351419 1.816879 2.200000 1.133732 2.334620 7.514716
118 1492351420 1.816879 2.200000 1.133732 2.334620 7.514716
105 1492351421 1.876807 1.200000 1.375846 2.157098 4.334062
115 1492351421 1.011334 1.400000 0.793078 1.242715 1.466887
121 1492351421 21.477954 2.400000 20.391833 22.236231 1107.632485
112 1492351421 1.614198 0.200000 1.614198 1.614198 0.521127
118 1492351421 1.816879 2.200000 1.133732 2.334620 7.514716
105 1492351422 1.876807 1.200000 1.375846 2.157098 4.334062
115 1492351422 1.011334 1.400000 0.793078 1.242715 1.466887
121 1492351422 21.477954 2.400000 20.391833 22.236231 1107.632485
112 1492351422 1.614198 0.200000 1.614198 1.614198 0.521127
118 1492351422 1.816879 2.200000 1.133732 2.334620 7.514716
105 1492351423 1.876807 1.200000 1.375846 2.157098 4.334062
115 1492351423 1.011334 1.400000 0.793078 1.242715 1.466887
121 1492351423 21.477954 2.400000 20.391833 22.236231 1107.632485
112 1492351423 1.614198 0.200000 1.614198 1.614198 0.521127
118 1492351423 1.816879 2.200000 1.133732 2.334620 7.514716
105 1492351424 2.057061 2.400000 1.077291 2.843944 11.308535
115 1492351424 0.702948 0.200000 0.702948 0.702948 0.098827
121 1492351424 21.922138 2.200000 19.944028 23.336709 1059.777575
112 1492351424 1.804482 1.200000 1.279418 2.498113 4.066751
118 1492351424 1.789537 1.400000 1.258465 2.395456 4.716843
105 1492351425 2.057061 2.400000 1.077291 2.843944 11.308535
115 1492351425 0.702948 0.200000 0.702948 0.702948 0.098827
121 1492351425 21.922138 2.200000 19.944028 23.336709 1059.777575
112 1492351425 1.804482 1.200000 1.279418 2.498113 4.066751
118 1492351425 1.789537 1.400000 1.258465 2.395456 4.716843
121 1492351426 21.922138 2.200000 19.944028 23.336709 1059.777575
112 1492351426 1.804482 1.200000 1.279418 2.498113 4.066751
118 1492351426 1.789537 1.400000 1.258465 2.395456 4.716843
105 1492351426 2.057061 2.400000 1.077291 2.843944 11.308535
115 1492351426 0.702948 0.200000 0.702948 0.702948 0.098827
105 1492351427 2.057061 2.400000 1.077291 2.843944 11.308535
115 1492351427 0.702948 0.200000 0.702948 0.702948 0.098827
121 1492351427 21.922138 2.200000 19.944028 23.336709 1059.777575
112 1492351427 1.804482 1.200000 1.279418 2.498113 4.066751
118 1492351427 1.789537 1.400000 1.258465 2.395456 4.716843
105 1492351428 2.057061 2.400000 1.077291 2.843944 11.308535
115 1492351428 0.702948 0.200000 0.702948 0.702948 0.098827
121 1492351428 21.922138 2.200000 19.944028 23.336709 1059.777575
112 1492351428 1.804482 1.200000 1.279418 2.498113 4.066751
118 1492351428 1.789537 1.400000 1.258465 2.395456 4.716843
105 1492351429 1.454405 1.600000 0.818248 1.981392 3.651050
115 1492351429 0.480146 1.400000 0.284047 0.854323 0.362669
121 1492351429 21.985586 1.400000 20.497647 23.026236 677.524897
112 1492351429 0.963559 2.400000 0.615724 1.316973 2.400934
118 1492351429 1.358739 0.200000 1.358739 1.358739 0.369234
105 1492351430 1.454405 1.600000 0.818248 1.981392 3.651050
115 1492351430 0.480146 1.400000 0.284047 0.854323 0.362669
121 1492351430 21.985586 1.400000 20.497647 23.026236 677.524897
112 1492351430 0.963559 2.400000 0.615724 1.316973 2.400934
118 1492351430 1.358739 0.200000 1.358739 1.358739 0.369234
121 1492351431 21.985586 1.400000 20.497647 23.026236 677.524897
112 1492351431 0.963559 2.400000 0.615724 1.316973 2.400934
118 1492351431 1.358739 0.200000 1.358739 1.358739 0.369234
105 1492351431 1.454405 1.600000 0.818248 1.981392 3.651050
115 1492351431 0.480146 1.400000 0.284047 0.854323 0.362669
105 1492351432 1.454405 1.600000 0.818248 1.981392 3.651050
115 1492351432 0.480146 1.400000 0.284047 0.854323 0.362669
121 1492351432 21.985586 1.400000 20.497647 23.026236 677.524897
112 1492351432 0.963559 2.400000 0.615724 1.316973 2.400934
118 1492351432 1.358739 0.200000 1.358739 1.358739 0.369234
105 1492351433 1.454405 1.600000 0.818248 1.981392 3.651050
115 1492351433 0.480146 1.400000 0.284047 0.854323 0.362669
121 1492351433 21.985586 1.400000 20.497647 23.026236 677.524897
112 1492351433 0.963559 2.400000 0.615724 1.316973 2.400934
118 1492351433 1.358739 0.200000 1.358739 1.358739 0.369234
105 1492351434 1.568299 1.000000 1.241833 1.735127 2.488473
115 1492351434 1.082463 2.200000 0.669091 1.461105 2.806665
121 1492351434 21.028003 0.200000 21.028003 21.028003 88.435382
112 1492351434 1.362305 1.600000 1.062432 1.937276 3.059407
118 1492351434 1.361628 1.400000 0.825861 2.076341 2.955592
121 1492351493 21.484797 2.200000 19.760642 23.113446 1017.445988
121 1492351492 21.484797 2.200000 19.760642 23.113446 1017.445988
121 1492351491 21.484797 2.200000 19.760642 23.113446 1017.445988
121 1492351490 21.484797 2.200000 19.760642 23.113446 1017.445988
121 1492351489 21.484797 2.200000 19.760642 23.113446 1017.445988
121 1492351488 21.935637 1.400000 20.816121 23.011811 674.300377
121 1492351487 21.935637 1.400000 20.816121 23.011811 674.300377
121 1492351486 21.935637 1.400000 20.816121 23.011811 674.300377
121 1492351485 21.935637 1.400000 20.816121 23.011811 674.300377
121 1492351484 21.935637 1.400000 20.816121 23.011811 674.300377
121 1492351483 21.737674 0.400000 20.828972 22.646376 189.340884
121 1492351482 21.737674 0.400000 20.828972 22.646376 189.340884
121 1492351481 21.737674 0.400000 20.828972 22.646376 189.340884
121 1492351480 21.737674 0.400000 20.828972 22.646376 189.340884
121 1492351479 21.737674 0.400000 20.828972 22.646376 189.340884
121 1492351478 22.027786 0.600000 22.023463 22.032118 291.134019
121 1492351477 22.027786 0.600000 22.023463 22.032118 291.134019
121 1492351476 22.027786 0.600000 22.023463 22.032118 291.134019
121 1492351475 22.027786 0.600000 22.023463 22.032118 291.134019
121 1492351474 22.027786 0.600000 22.023463 22.032118 291.134019
121 1492351473 22.555299 2.800000 20.744938 24.306164 1426.286444
121 1492351472 22.555299 2.800000 20.744938 24.306164 1426.286444
121 1492351471 22.555299 2.800000 20.744938 24.306164 1426.286444
121 1492351470 22.555299 2.800000 20.744938 24.306164 1426.286444
121 1492351469 22.555299 2.800000 20.744938 24.306164 1426.286444
121 1492351468 21.676263 1.800000 20.332465 22.725697 846.550940
121 1492351467 21.676263 1.800000 20.332465 22.725697 846.550940
121 1492351466 21.676263 1.800000 20.332465 22.725697 846.550940
121 1492351465 21.676263 1.800000 20.332465 22.725697 846.550940
121 1492351464 21.676263 1.800000 20.332465 22.725697 846.550940
121 1492351463 21.217508 0.800000 20.458731 21.601212 360.314500
121 1492351462 21.217508 0.800000 20.458731 21.601212 360.314500
121 1492351461 21.217508 0.800000 20.458731 21.601212 360.314500
121 1492351460 21.217508 0.800000 20.458731 21.601212 360.314500
121 1492351459 21.217508 0.800000 20.458731 21.601212 360.314500
121 1492351458 21.184444 0.800000 20.922647 21.288829 359.042889
121 1492351457 21.184444 0.800000 20.922647 21.288829 359.042889
121 1492351456 21.184444 0.800000 20.922647 21.288829 359.042889
121 1492351455 21.184444 0.800000 20.922647 21.288829 359.042889
121 1492351454 21.184444 0.800000 20.922647 21.288829 359.042889
121 1492351453 21.338173 1.800000 19.699842 22.615964 821.758333
121 1492351452 21.338173 1.800000 19.699842 22.615964 821.758333
121 1492351451 21.338173 1.800000 19.699842 22.615964 821.758333
121 1492351450 21.338173 1.800000 19.699842 22.615964 821.758333
121 1492351449 21.338173 1.800000 19.699842 22.615964 821.758333
121 1492351448 21.623880 2.200000 20.939672 22.256977 1029.321433
121 1492351447 21.623880 2.200000 20.939672 22.256977 1029.321433
121 1492351446 21.623880 2.200000 20.939672 22.256977 1029.321433
121 1492351445 21.623880 2.200000 20.939672 22.256977 1029.321433
121 1492351444 21.623880 2.200000 20.939672 22.256977 1029.321433
121 1492351443 21.318310 1.400000 19.447040 22.827239 637.439627
121 1492351442 21.318310 1.400000 19.447040 22.827239 637.439627
121 1492351441 21.318310 1.400000 19.447040 22.827239 637.439627
121 1492351440 21.318310 1.400000 19.447040 22.827239 637.439627
121 1492351439 21.318310 1.400000 19.447040 22.827239 637.439627
121 1492351438 21.028003 0.200000 21.028003 21.028003 88.435382
121 1492351437 21.028003 0.200000 21.028003 21.028003 88.435382
121 1492351436 21.028003 0.200000 21.028003 21.028003 88.435382
121 1492351435 21.028003 0.200000 21.028003 21.028003 88.435382
118 1492351493 1.961999 1.400000 1.337022 2.152959 5.489655
118 1492351492 1.961999 1.400000 1.337022 2.152959 5.489655
118 1492351491 1.961999 1.400000 1.337022 2.152959 5.489655
118 1492351490 1.961999 1.400000 1.337022 2.152959 5.489655
118 1492351489 1.961999 1.400000 1.337022 2.152959 5.489655
118 1492351488 1.296588 2.800000 0.598703 1.905401 5.099780
118 1492351487 1.296588 2.800000 0.598703 1.905401 5.099780
118 1492351486 1.296588 2.800000 0.598703 1.905401 5.099780
118 1492351485 1.296588 2.800000 0.598703 1.905401 5.099780
118 1492351484 1.296588 2.800000 0.598703 1.905401 5.099780
118 1492351483 1.432969 1.400000 1.100224 2.223091 3.033826
118 1492351482 1.432969 1.400000 1.100224 2.223091 3.033826
118 1492351481 1.432969 1.400000 1.100224 2.223091 3.033826
118 1492351480 1.432969 1.400000 1.100224 2.223091 3.033826
118 1492351479 1.432969 1.400000 1.100224 2.223091 3.033826
118 1492351478 1.531683 0.400000 1.076114 1.987253 1.021439
118 1492351477 1.531683 0.400000 1.076114 1.987253 1.021439
118 1492351476 1.531683 0.400000 1.076114 1.987253 1.021439
118 1492351475 1.531683 0.400000 1.076114 1.987253 1.021439
118 1492351474 1.531683 0.400000 1.076114 1.987253 1.021439
118 1492351473 1.304028 0.600000 1.293905 1.309589 1.020324
118 1492351472 1.304028 0.600000 1.293905 1.309589 1.020324
118 1492351471 1.304028 0.600000 1.293905 1.309589 1.020324
118 1492351470 1.304028 0.600000 1.293905 1.309589 1.020324
118 1492351469 1.304028 0.600000 1.293905 1.309589 1.020324
118 1492351468 2.015011 2.800000 1.389727 2.350229 11.565705
118 1492351467 2.015011 2.800000 1.389727 2.350229 11.565705
118 1492351466 2.015011 2.800000 1.389727 2.350229 11.565705
118 1492351465 2.015011 2.800000 1.389727 2.350229 11.565705
118 1492351464 2.015011 2.800000 1.389727 2.350229 11.565705
118 1492351463 1.312969 1.800000 0.859196 1.672540 3.230081
118 1492351462 1.312969 1.800000 0.859196 1.672540 3.230081
118 1492351461 1.312969 1.800000 0.859196 1.672540 3.230081
118 1492351460 1.312969 1.800000 0.859196 1.672540 3.230081
118 1492351459 1.312969 1.800000 0.859196 1.672540 3.230081
118 1492351458 1.599594 0.800000 1.145207 1.871408 2.110145
118 1492351457 1.599594 0.800000 1.145207 1.871408 2.110145
118 1492351456 1.599594 0.800000 1.145207 1.871408 2.110145
118 1492351455 1.599594 0.800000 1.145207 1.871408 2.110145
118 1492351454 1.599594 0.800000 1.145207 1.871408 2.110145
118 1492351453 1.744701 0.800000 1.699464 1.827861 2.437121
118 1492351452 1.744701 0.800000 1.699464 1.827861 2.437121
118 1492351451 1.744701 0.800000 1.699464 1.827861 2.437121
118 1492351450 1.744701 0.800000 1.699464 1.827861 2.437121
118 1492351449 1.744701 0.800000 1.699464 1.827861 2.437121
118 1492351448 1.627486 1.800000 0.952953 2.565032 5.201876
118 1492351447 1.627486 1.800000 0.952953 2.565032 5.201876
118 1492351446 1.627486 1.800000 0.952953 2.565032 5.201876
118 1492351445 1.627486 1.800000 0.952953 2.565032 5.201876
118 1492351444 1.627486 1.800000 0.952953 2.565032 5.201876
118 1492351443 1.398145 2.200000 1.197082 1.687572 4.388194
118 1492351442 1.398145 2.200000 1.197082 1.687572 4.388194
118 1492351441 1.398145 2.200000 1.197082 1.687572 4.388194
118 1492351440 1.398145 2.200000 1.197082 1.687572 4.388194
118 1492351439 1.398145 2.200000 1.197082 1.687572 4.388194
118 1492351438 1.361628 1.400000 0.825861 2.076341 2.955592
118 1492351437 1.361628 1.400000 0.825861 2.076341 2.955592
118 1492351436 1.361628 1.400000 0.825861 2.076341 2.955592
118 1492351435 1.361628 1.400000 0.825861 2.076341 2.955592
105 1492351493 1.656922 1.800000 1.228243 1.948853 5.048125
105 1492351492 1.656922 1.800000 1.228243 1.948853 5.048125
105 1492351491 1.656922 1.800000 1.228243 1.948853 5.048125
105 1492351490 1.656922 1.800000 1.228243 1.948853 5.048125
105 1492351489 1.656922 1.800000 1.228243 1.948853 5.048125
105 1492351488 1.630531 1.600000 1.150545 2.570655 4.486707
105 1492351487 1.630531 1.600000 1.150545 2.570655 4.486707
105 1492351486 1.630531 1.600000 1.150545 2.570655 4.486707
105 1492351485 1.630531 1.600000 1.150545 2.570655 4.486707
105 1492351484 1.630531 1.600000 1.150545 2.570655 4.486707
105 1492351483 1.336100 0.200000 1.336100 1.336100 0.357033
105 1492351482 1.336100 0.200000 1.336100 1.336100 0.357033
105 1492351481 1.336100 0.200000 1.336100 1.336100 0.357033
105 1492351480 1.336100 0.200000 1.336100 1.336100 0.357033
105 1492351479 1.336100 0.200000 1.336100 1.336100 0.357033
105 1492351478 1.767460 2.200000 1.074345 2.373203 7.208983
105 1492351477 1.767460 2.200000 1.074345 2.373203 7.208983
105 1492351476 1.767460 2.200000 1.074345 2.373203 7.208983
105 1492351475 1.767460 2.200000 1.074345 2.373203 7.208983
105 1492351474 1.767460 2.200000 1.074345 2.373203 7.208983
105 1492351473 1.817711 2.000000 1.007195 2.366332 6.943332
105 1492351472 1.817711 2.000000 1.007195 2.366332 6.943332
105 1492351471 1.817711 2.000000 1.007195 2.366332 6.943332
105 1492351470 1.817711 2.000000 1.007195 2.366332 6.943332
105 1492351469 1.817711 2.000000 1.007195 2.366332 6.943332
105 1492351468 2.364879 1.600000 1.376103 2.771984 9.217191
105 1492351467 2.364879 1.600000 1.376103 2.771984 9.217191
105 1492351466 2.364879 1.600000 1.376103 2.771984 9.217191
105 1492351465 2.364879 1.600000 1.376103 2.771984 9.217191
105 1492351464 2.364879 1.600000 1.376103 2.771984 9.217191
105 1492351463 1.374673 0.400000 0.823192 1.926154 0.877543
105 1492351462 1.374673 0.400000 0.823192 1.926154 0.877543
105 1492351461 1.374673 0.400000 0.823192 1.926154 0.877543
105 1492351460 1.374673 0.400000 0.823192 1.926154 0.877543
105 1492351459 1.374673 0.400000 0.823192 1.926154 0.877543
105 1492351458 2.333694 0.600000 2.325509 2.341813 3.267704
105 1492351457 2.333694 0.600000 2.325509 2.341813 3.267704
105 1492351456 2.333694 0.600000 2.325509 2.341813 3.267704
105 1492351455 2.333694 0.600000 2.325509 2.341813 3.267704
105 1492351454 2.333694 0.600000 2.325509 2.341813 3.267704
105 1492351453 2.274795 3.000000 0.750700 3.113562 16.571853
105 1492351452 2.274795 3.000000 0.750700 3.113562 16.571853
105 1492351451 2.274795 3.000000 0.750700 3.113562 16.571853
105 1492351450 2.274795 3.000000 0.750700 3.113562 16.571853
105 1492351449 2.274795 3.000000 0.750700 3.113562 16.571853
105 1492351448 1.581035 1.800000 1.193977 1.921044 4.606716
105 1492351447 1.581035 1.800000 1.193977 1.921044 4.606716
105 1492351446 1.581035 1.800000 1.193977 1.921044 4.606716
105 1492351445 1.581035 1.800000 1.193977 1.921044 4.606716
105 1492351444 1.581035 1.800000 1.193977 1.921044 4.606716
105 1492351443 1.430618 0.600000 1.248820 1.580237 1.239295
105 1492351442 1.430618 0.600000 1.248820 1.580237 1.239295
105 1492351441 1.430618 0.600000 1.248820 1.580237 1.239295
105 1492351440 1.430618 0.600000 1.248820 1.580237 1.239295
105 1492351439 1.430618 0.600000 1.248820 1.580237 1.239295
105 1492351438 1.568299 1.000000 1.241833 1.735127 2.488473
105 1492351437 1.568299 1.000000 1.241833 1.735127 2.488473
105 1492351436 1.568299 1.000000 1.241833 1.735127 2.488473
105 1492351435 1.568299 1.000000 1.241833 1.735127 2.488473
115 1492351493 1.060986 0.200000 1.060986 1.060986 0.225138
115 1492351492 1.060986 0.200000 1.060986 1.060986 0.225138
115 1492351491 1.060986 0.200000 1.060986 1.060986 0.225138
115 1492351490 1.060986 0.200000 1.060986 1.060986 0.225138
115 1492351489 1.060986 0.200000 1.060986 1.060986 0.225138
115 1492351488 0.578654 1.000000 0.384246 0.973766 0.381616
115 1492351487 0.578654 1.000000 0.384246 0.973766 0.381616
115 1492351486 0.578654 1.000000 0.384246 0.973766 0.381616
115 1492351485 0.578654 1.000000 0.384246 0.973766 0.381616
115 1492351484 0.578654 1.000000 0.384246 0.973766 0.381616
115 1492351483 0.837166 2.600000 0.378101 1.136414 1.948259
115 1492351482 0.837166 2.600000 0.378101 1.136414 1.948259
115 1492351481 0.837166 2.600000 0.378101 1.136414 1.948259
115 1492351480 0.837166 2.600000 0.378101 1.136414 1.948259
115 1492351479 0.837166 2.600000 0.378101 1.136414 1.948259
115 1492351478 0.656083 2.000000 0.280815 1.050642 0.989469
115 1492351477 0.656083 2.000000 0.280815 1.050642 0.989469
115 1492351476 0.656083 2.000000 0.280815 1.050642 0.989469
115 1492351475 0.656083 2.000000 0.280815 1.050642 0.989469
115 1492351474 0.656083 2.000000 0.280815 1.050642 0.989469
115 1492351473 0.851767 0.400000 0.806083 0.897452 0.291038
115 1492351472 0.851767 0.400000 0.806083 0.897452 0.291038
115 1492351471 0.851767 0.400000 0.806083 0.897452 0.291038
115 1492351470 0.851767 0.400000 0.806083 0.897452 0.291038
115 1492351469 0.851767 0.400000 0.806083 0.897452 0.291038
115 1492351468 1.039880 0.800000 0.808933 1.476797 0.918201
115 1492351467 1.039880 0.800000 0.808933 1.476797 0.918201
115 1492351466 1.039880 0.800000 0.808933 1.476797 0.918201
115 1492351465 1.039880 0.800000 0.808933 1.476797 0.918201
115 1492351464 1.039880 0.800000 0.808933 1.476797 0.918201
115 1492351463 0.703431 2.400000 0.270643 0.964802 1.351804
115 1492351462 0.703431 2.400000 0.270643 0.964802 1.351804
115 1492351461 0.703431 2.400000 0.270643 0.964802 1.351804
115 1492351460 0.703431 2.400000 0.270643 0.964802 1.351804
115 1492351459 0.703431 2.400000 0.270643 0.964802 1.351804
115 1492351458 1.000097 1.800000 0.620335 1.264366 1.903920
115 1492351457 1.000097 1.800000 0.620335 1.264366 1.903920
115 1492351456 1.000097 1.800000 0.620335 1.264366 1.903920
115 1492351455 1.000097 1.800000 0.620335 1.264366 1.903920
115 1492351454 1.000097 1.800000 0.620335 1.264366 1.903920
115 1492351453 0.920352 1.200000 0.246502 1.491307 1.316031
115 1492351452 0.920352 1.200000 0.246502 1.491307 1.316031
115 1492351451 0.920352 1.200000 0.246502 1.491307 1.316031
115 1492351450 0.920352 1.200000 0.246502 1.491307 1.316031
115 1492351449 0.920352 1.200000 0.246502 1.491307 1.316031
115 1492351448 0.491278 0.200000 0.491278 0.491278 0.048271
115 1492351447 0.491278 0.200000 0.491278 0.491278 0.048271
115 1492351446 0.491278 0.200000 0.491278 0.491278 0.048271
115 1492351445 0.491278 0.200000 0.491278 0.491278 0.048271
115 1492351444 0.491278 0.200000 0.491278 0.491278 0.048271
115 1492351443 0.806113 2.400000 0.215484 1.208107 1.916509
115 1492351442 0.806113 2.400000 0.215484 1.208107 1.916509
115 1492351441 0.806113 2.400000 0.215484 1.208107 1.916509
115 1492351440 0.806113 2.400000 0.215484 1.208107 1.916509
115 1492351439 0.806113 2.400000 0.215484 1.208107 1.916509
115 1492351438 1.082463 2.200000 0.669091 1.461105 2.806665
115 1492351437 1.082463 2.200000 0.669091 1.461105 2.806665
115 1492351436 1.082463 2.200000 0.669091 1.461105 2.806665
115 1492351435 1.082463 2.200000 0.669091 1.461105 2.806665
112 1492351493 1.374927 0.800000 0.831950 1.615315 1.595191
112 1492351492 1.374927 0.800000 0.831950 1.615315 1.595191
112 1492351491 1.374927 0.800000 0.831950 1.615315 1.595191
112 1492351490 1.374927 0.800000 0.831950 1.615315 1.595191
112 1492351489 1.374927 0.800000 0.831950 1.615315 1.595191
112 1492351488 0.866439 0.200000 0.866439 0.866439 0.150143
112 1492351487 0.866439 0.200000 0.866439 0.866439 0.150143
112 1492351486 0.866439 0.200000 0.866439 0.866439 0.150143
112 1492351485 0.866439 0.200000 0.866439 0.866439 0.150143
112 1492351484 0.866439 0.200000 0.866439 0.866439 0.150143
112 1492351483 0.928146 2.200000 0.597522 1.482450 2.046748
112 1492351482 0.928146 2.200000 0.597522 1.482450 2.046748
112 1492351481 0.928146 2.200000 0.597522 1.482450 2.046748
112 1492351480 0.928146 2.200000 0.597522 1.482450 2.046748
112 1492351479 0.928146 2.200000 0.597522 1.482450 2.046748
112 1492351478 1.522667 2.200000 1.132884 2.301925 5.329288
112 1492351477 1.522667 2.200000 1.132884 2.301925 5.329288
112 1492351476 1.522667 2.200000 1.132884 2.301925 5.329288
112 1492351475 1.522667 2.200000 1.132884 2.301925 5.329288
112 1492351474 1.522667 2.200000 1.132884 2.301925 5.329288
112 1492351473 1.568726 1.400000 0.543542 2.185455 3.838171
112 1492351472 1.568726 1.400000 0.543542 2.185455 3.838171
112 1492351471 1.568726 1.400000 0.543542 2.185455 3.838171
112 1492351470 1.568726 1.400000 0.543542 2.185455 3.838171
112 1492351469 1.568726 1.400000 0.543542 2.185455 3.838171
112 1492351468 1.748032 0.400000 1.620920 1.875143 1.228709
112 1492351467 1.748032 0.400000 1.620920 1.875143 1.228709
112 1492351466 1.748032 0.400000 1.620920 1.875143 1.228709
112 1492351465 1.748032 0.400000 1.620920 1.875143 1.228709
112 1492351464 1.748032 0.400000 1.620920 1.875143 1.228709
112 1492351463 1.276841 0.800000 0.890689 1.440958 1.345492
112 1492351462 1.276841 0.800000 0.890689 1.440958 1.345492
112 1492351461 1.276841 0.800000 0.890689 1.440958 1.345492
112 1492351460 1.276841 0.800000 0.890689 1.440958 1.345492
112 1492351459 1.276841 0.800000 0.890689 1.440958 1.345492
112 1492351458 1.471429 2.600000 0.883575 2.131277 6.071779
112 1492351457 1.471429 2.600000 0.883575 2.131277 6.071779
112 1492351456 1.471429 2.600000 0.883575 2.131277 6.071779
112 1492351455 1.471429 2.600000 0.883575 2.131277 6.071779
112 1492351454 1.471429 2.600000 0.883575 2.131277 6.071779
112 1492351453 1.677791 2.000000 0.600919 2.964437 6.392997
112 1492351452 1.677791 2.000000 0.600919 2.964437 6.392997
112 1492351451 1.677791 2.000000 0.600919 2.964437 6.392997
112 1492351450 1.677791 2.000000 0.600919 2.964437 6.392997
112 1492351449 1.677791 2.000000 0.600919 2.964437 6.392997
112 1492351448 0.857511 0.600000 0.570182 1.106945 0.470437
112 1492351447 0.857511 0.600000 0.570182 1.106945 0.470437
112 1492351446 0.857511 0.600000 0.570182 1.106945 0.470437
112 1492351445 0.857511 0.600000 0.570182 1.106945 0.470437
112 1492351444 0.857511 0.600000 0.570182 1.106945 0.470437
112 1492351443 1.135981 1.000000 1.075551 1.219001 1.292662
112 1492351442 1.135981 1.000000 1.075551 1.219001 1.292662
112 1492351441 1.135981 1.000000 1.075551 1.219001 1.292662
112 1492351440 1.135981 1.000000 1.075551 1.219001 1.292662
112 1492351439 1.135981 1.000000 1.075551 1.219001 1.292662
112 1492351438 1.362305 1.600000 1.062432 1.937276 3.059407
112 1492351437 1.362305 1.600000 1.062432 1.937276 3.059407
112 1492351436 1.362305 1.600000 1.062432 1.937276 3.059407
112 1492351435 1.362305 1.600000 1.062432 1.937276 3.059407
134 1492351497 3.433026 7.750000 2.889481 4.021257 92.553523
134 1492351496 3.433026 7.750000 2.889481 4.021257 92.553523
134 1492351495 3.433026 7.750000 2.889481 4.021257 92.553523
134 1492351494 3.433026 7.750000 2.889481 4.021257 92.553523
137 1492351497 3.432877 7.750000 2.889445 4.021218 92.545606
137 1492351496 3.432877 7.750000 2.889445 4.021218 92.545606
137 1492351495 3.432877 7.750000 2.889445 4.021218 92.545606
137 1492351494 3.432877 7.750000 2.889445 4.021218 92.545606
