25 1492412817 0.680064 0.400000 0.679693 0.680436 0.184995
25 1492412818 0.680064 0.400000 0.679693 0.680436 0.184995
25 1492412819 0.680064 0.400000 0.679693 0.680436 0.184995
25 1492412820 0.680064 0.400000 0.679693 0.680436 0.184995
25 1492412821 0.680064 0.400000 0.679693 0.680436 0.184995
25 1492412827 0.613809 0.400000 0.605232 0.622385 0.150734
25 1492412828 0.613809 0.400000 0.605232 0.622385 0.150734
25 1492412829 0.613809 0.400000 0.605232 0.622385 0.150734
25 1492412830 0.613809 0.400000 0.605232 0.622385 0.150734
25 1492412831 0.613809 0.400000 0.605232 0.622385 0.150734
25 1492412832 0.654054 0.400000 0.653966 0.654141 0.171114
25 1492412833 0.654054 0.400000 0.653966 0.654141 0.171114
25 1492412834 0.654054 0.400000 0.653966 0.654141 0.171114
25 1492412835 0.654054 0.400000 0.653966 0.654141 0.171114
25 1492412836 0.654054 0.400000 0.653966 0.654141 0.171114
25 1492412842 0.921419 0.800000 0.758950 1.074041 0.694589
25 1492412843 0.921419 0.800000 0.758950 1.074041 0.694589
25 1492412844 0.921419 0.800000 0.758950 1.074041 0.694589
25 1492412845 0.921419 0.800000 0.758950 1.074041 0.694589
25 1492412846 0.921419 0.800000 0.758950 1.074041 0.694589
25 1492412847 0.642941 0.400000 0.642894 0.642988 0.165349
25 1492412848 0.642941 0.400000 0.642894 0.642988 0.165349
25 1492412849 0.642941 0.400000 0.642894 0.642988 0.165349
25 1492412850 0.642941 0.400000 0.642894 0.642988 0.165349
25 1492412851 0.642941 0.400000 0.642894 0.642988 0.165349
25 1492412857 1.097645 1.200000 0.957015 1.309599 1.463657
25 1492412858 1.097645 1.200000 0.957015 1.309599 1.463657
25 1492412859 1.097645 1.200000 0.957015 1.309599 1.463657
25 1492412860 1.097645 1.200000 0.957015 1.309599 1.463657
25 1492412861 1.097645 1.200000 0.957015 1.309599 1.463657
25 1492412862 0.648723 0.400000 0.648608 0.648838 0.168337
25 1492412863 0.648723 0.400000 0.648608 0.648838 0.168337
25 1492412864 0.648723 0.400000 0.648608 0.648838 0.168337
25 1492412865 0.648723 0.400000 0.648608 0.648838 0.168337
25 1492412866 0.648723 0.400000 0.648608 0.648838 0.168337
25 1492412872 1.217554 1.600000 0.569480 1.385324 2.476714
25 1492412873 1.217554 1.600000 0.569480 1.385324 2.476714
25 1492412874 1.217554 1.600000 0.569480 1.385324 2.476714
25 1492412875 1.217554 1.600000 0.569480 1.385324 2.476714
25 1492412876 1.217554 1.600000 0.569480 1.385324 2.476714
25 1492412877 0.590544 0.400000 0.589510 0.591578 0.139497
25 1492412878 0.590544 0.400000 0.589510 0.591578 0.139497
25 1492412879 0.590544 0.400000 0.589510 0.591578 0.139497
25 1492412880 0.590544 0.400000 0.589510 0.591578 0.139497
25 1492412881 0.590544 0.400000 0.589510 0.591578 0.139497
25 1492412887 1.050140 1.600000 0.497200 1.289700 1.856808
25 1492412888 1.050140 1.600000 0.497200 1.289700 1.856808
25 1492412889 1.050140 1.600000 0.497200 1.289700 1.856808
25 1492412890 1.050140 1.600000 0.497200 1.289700 1.856808
25 1492412891 1.050140 1.600000 0.497200 1.289700 1.856808
25 1492412892 1.279742 0.400000 1.276693 1.282790 0.655099
25 1492412893 1.279742 0.400000 1.276693 1.282790 0.655099
25 1492412894 1.279742 0.400000 1.276693 1.282790 0.655099
25 1492412895 1.279742 0.400000 1.276693 1.282790 0.655099
25 1492412896 1.279742 0.400000 1.276693 1.282790 0.655099
25 1492412902 0.741577 0.400000 0.567057 0.916096 0.232157
25 1492412903 0.741577 0.400000 0.567057 0.916096 0.232157
25 1492412904 0.741577 0.400000 0.567057 0.916096 0.232157
25 1492412905 0.741577 0.400000 0.567057 0.916096 0.232157
25 1492412906 0.741577 0.400000 0.567057 0.916096 0.232157
25 1492412907 1.327872 1.600000 0.893023 1.924800 2.997190
25 1492412908 1.327872 1.600000 0.893023 1.924800 2.997190
25 1492412909 1.327872 1.600000 0.893023 1.924800 2.997190
25 1492412910 1.327872 1.600000 0.893023 1.924800 2.997190
25 1492412911 1.327872 1.600000 0.893023 1.924800 2.997190
25 1492412917 0.513276 0.200000 0.513276 0.513276 0.052690
25 1492412918 0.513276 0.200000 0.513276 0.513276 0.052690
25 1492412919 0.513276 0.200000 0.513276 0.513276 0.052690
25 1492412920 0.513276 0.200000 0.513276 0.513276 0.052690
25 1492412921 0.513276 0.200000 0.513276 0.513276 0.052690
25 1492412922 1.751849 1.800000 0.753995 2.414738 5.854944
25 1492412923 1.751849 1.800000 0.753995 2.414738 5.854944
25 1492412924 1.751849 1.800000 0.753995 2.414738 5.854944
25 1492412925 1.751849 1.800000 0.753995 2.414738 5.854944
25 1492412926 1.751849 1.800000 0.753995 2.414738 5.854944
25 1492412932 0.540970 0.200000 0.540970 0.540970 0.058530
25 1492412933 0.540970 0.200000 0.540970 0.540970 0.058530
25 1492412934 0.540970 0.200000 0.540970 0.540970 0.058530
25 1492412935 0.540970 0.200000 0.540970 0.540970 0.058530
25 1492412936 0.540970 0.200000 0.540970 0.540970 0.058530
25 1492412937 0.738547 1.000000 0.522786 1.030607 0.579502
25 1492412938 0.738547 1.000000 0.522786 1.030607 0.579502
25 1492412939 0.738547 1.000000 0.522786 1.030607 0.579502
25 1492412940 0.738547 1.000000 0.522786 1.030607 0.579502
25 1492412941 0.738547 1.000000 0.522786 1.030607 0.579502
25 1492412942 1.455184 0.800000 1.191202 1.700475 1.742040
25 1492412943 1.455184 0.800000 1.191202 1.700475 1.742040
25 1492412944 1.455184 0.800000 1.191202 1.700475 1.742040
25 1492412945 1.455184 0.800000 1.191202 1.700475 1.742040
25 1492412946 1.455184 0.800000 1.191202 1.700475 1.742040
25 1492412947 0.493871 0.200000 0.493871 0.493871 0.048782
25 1492412948 0.493871 0.200000 0.493871 0.493871 0.048782
25 1492412949 0.493871 0.200000 0.493871 0.493871 0.048782
25 1492412950 0.493871 0.200000 0.493871 0.493871 0.048782
25 1492412951 0.493871 0.200000 0.493871 0.493871 0.048782
25 1492412952 0.595754 0.600000 0.551551 0.678926 0.215032
25 1492412953 0.595754 0.600000 0.551551 0.678926 0.215032
25 1492412954 0.595754 0.600000 0.551551 0.678926 0.215032
25 1492412955 0.595754 0.600000 0.551551 0.678926 0.215032
25 1492412956 0.595754 0.600000 0.551551 0.678926 0.215032
25 1492412957 1.196066 1.200000 0.628072 1.460250 1.810411
25 1492412958 1.196066 1.200000 0.628072 1.460250 1.810411
25 1492412959 1.196066 1.200000 0.628072 1.460250 1.810411
25 1492412960 1.196066 1.200000 0.628072 1.460250 1.810411
25 1492412961 1.196066 1.200000 0.628072 1.460250 1.810411
25 1492412962 0.514835 0.200000 0.514835 0.514835 0.053011
25 1492412963 0.514835 0.200000 0.514835 0.514835 0.053011
25 1492412964 0.514835 0.200000 0.514835 0.514835 0.053011
25 1492412965 0.514835 0.200000 0.514835 0.514835 0.053011
25 1492412966 0.514835 0.200000 0.514835 0.514835 0.053011
25 1492412967 0.547784 0.600000 0.504337 0.612868 0.181359
25 1492412968 0.547784 0.600000 0.504337 0.612868 0.181359
25 1492412969 0.547784 0.600000 0.504337 0.612868 0.181359
25 1492412970 0.547784 0.600000 0.504337 0.612868 0.181359
25 1492412971 0.547784 0.600000 0.504337 0.612868 0.181359
25 1492412972 1.066487 1.200000 0.582854 1.281997 1.439353
25 1492412973 1.066487 1.200000 0.582854 1.281997 1.439353
25 1492412974 1.066487 1.200000 0.582854 1.281997 1.439353
25 1492412975 1.066487 1.200000 0.582854 1.281997 1.439353
25 1492412976 1.066487 1.200000 0.582854 1.281997 1.439353
25 1492412977 1.434657 0.200000 1.434657 1.434657 0.411648
25 1492412978 1.434657 0.200000 1.434657 1.434657 0.411648
25 1492412979 1.434657 0.200000 1.434657 1.434657 0.411648
25 1492412980 1.434657 0.200000 1.434657 1.434657 0.411648
25 1492412981 1.434657 0.200000 1.434657 1.434657 0.411648
25 1492412982 1.184426 0.400000 1.164003 1.204849 0.561313
25 1492412983 1.184426 0.400000 1.164003 1.204849 0.561313
25 1492412984 1.184426 0.400000 1.164003 1.204849 0.561313
25 1492412985 1.184426 0.400000 1.164003 1.204849 0.561313
25 1492412986 1.184426 0.400000 1.164003 1.204849 0.561313
25 1492412987 1.553643 0.400000 1.518551 1.588735 0.966015
25 1492412988 1.553643 0.400000 1.518551 1.588735 0.966015
25 1492412989 1.553643 0.400000 1.518551 1.588735 0.966015
25 1492412990 1.553643 0.400000 1.518551 1.588735 0.966015
25 1492412991 1.553643 0.400000 1.518551 1.588735 0.966015
