58 1492349414 0.000000 0.000000 -101.000000 0.000000 0.000000
58 1492349415 0.000000 0.000000 -101.000000 0.000000 0.000000
58 1492349416 0.000000 0.000000 -101.000000 0.000000 0.000000
58 1492349417 0.000000 0.000000 -101.000000 0.000000 0.000000
58 1492349418 0.000000 0.000000 -101.000000 0.000000 0.000000
58 1492349419 0.000000 0.000000 -101.000000 0.000000 0.000000
58 1492349420 0.000000 0.000000 -101.000000 0.000000 0.000000
58 1492349421 0.000000 0.000000 -101.000000 0.000000 0.000000
58 1492349422 0.000000 0.000000 -101.000000 0.000000 0.000000
58 1492349423 1.111111 1.800000 2.000000 2.000000 -20.200000
58 1492349424 1.111111 1.800000 4.000000 4.000000 -20.200000
58 1492349425 1.111111 1.800000 6.000000 6.000000 -20.200000
58 1492349426 1.111111 1.800000 8.000000 8.000000 -20.200000
58 1492349427 1.111111 1.800000 10.000000 10.000000 -20.200000
58 1492349428 -0.666667 3.000000 8.000000 8.000000 -20.200000
58 1492349429 -0.666667 3.000000 6.000000 6.000000 -20.200000
58 1492349430 -0.666667 3.000000 4.000000 4.000000 -20.200000
58 1492349431 -0.666667 3.000000 2.000000 2.000000 -20.200000
58 1492349432 -0.666667 3.000000 0.000000 0.000000 -20.200000
58 1492349433 0.800000 5.000000 4.000000 4.000000 -20.200000
58 1492349434 0.800000 5.000000 8.000000 8.000000 -20.200000
58 1492349435 0.800000 5.000000 12.000000 12.000000 -20.200000
58 1492349436 0.800000 5.000000 16.000000 16.000000 -20.200000
58 1492349437 0.800000 5.000000 20.000000 20.000000 -20.200000
58 1492349438 0.000000 5.000000 20.000000 20.000000 -20.200000
58 1492349439 0.000000 5.000000 20.000000 20.000000 -20.200000
58 1492349440 0.000000 5.000000 20.000000 20.000000 -20.200000
58 1492349441 0.000000 5.000000 20.000000 20.000000 -20.200000
58 1492349442 0.000000 5.000000 20.000000 20.000000 -20.200000
58 1492349443 0.000000 5.000000 20.000000 20.000000 -20.200000
58 1492349444 0.000000 5.000000 20.000000 20.000000 -20.200000
58 1492349445 0.000000 5.000000 20.000000 20.000000 -20.200000
58 1492349507 -14.000000 0.200000 0.000000 0.000000 2041.768000
58 1492349506 -14.000000 0.200000 2.800000 2.800000 2041.768000
58 1492349505 -14.000000 0.200000 5.600000 5.600000 2041.768000
58 1492349504 -14.000000 0.200000 8.400000 8.400000 2041.768000
58 1492349503 -14.000000 0.200000 11.200000 11.200000 2041.768000
58 1492349502 0.000000 0.200000 14.000000 14.000000 2040.200000
58 1492349501 0.000000 0.200000 14.000000 14.000000 2040.200000
58 1492349500 0.000000 0.200000 14.000000 14.000000 2040.200000
58 1492349499 0.000000 0.200000 14.000000 14.000000 2040.200000
58 1492349498 0.000000 0.200000 14.000000 14.000000 2040.200000
58 1492349497 0.000000 0.200000 14.000000 14.000000 2040.200000
58 1492349496 0.000000 0.200000 14.000000 14.000000 2040.200000
58 1492349495 0.000000 0.200000 14.000000 14.000000 2040.200000
58 1492349494 0.000000 0.200000 14.000000 14.000000 2040.200000
58 1492349493 0.000000 0.200000 14.000000 14.000000 2040.200000
58 1492349492 -4.000000 0.200000 14.000000 14.000000 2040.328000
58 1492349491 -4.000000 0.200000 14.800000 14.800000 2040.328000
58 1492349490 -4.000000 0.200000 15.600000 15.600000 2040.328000
58 1492349489 -4.000000 0.200000 16.400000 16.400000 2040.328000
58 1492349488 -4.000000 0.200000 17.200000 17.200000 2040.328000
58 1492349487 -2.000000 0.200000 18.000000 18.000000 2040.232000
58 1492349486 -2.000000 0.200000 18.400000 18.400000 2040.232000
58 1492349485 -2.000000 0.200000 18.800000 18.800000 2040.232000
58 1492349484 -2.000000 0.200000 19.200000 19.200000 2040.232000
58 1492349483 -2.000000 0.200000 19.600000 19.600000 2040.232000
58 1492349482 0.000000 0.200000 20.000000 20.000000 2040.200000
58 1492349481 0.000000 0.200000 20.000000 20.000000 2040.200000
58 1492349480 0.000000 0.200000 20.000000 20.000000 2040.200000
58 1492349479 0.000000 0.200000 20.000000 20.000000 2040.200000
58 1492349478 0.000000 0.200000 20.000000 20.000000 2040.200000
58 1492349477 0.000000 0.200000 20.000000 20.000000 2040.200000
58 1492349476 0.000000 0.200000 20.000000 20.000000 2040.200000
58 1492349475 0.000000 0.200000 20.000000 20.000000 2040.200000
58 1492349474 0.000000 0.200000 20.000000 20.000000 2040.200000
58 1492349473 0.000000 0.200000 20.000000 20.000000 2040.200000
58 1492349472 0.000000 0.200000 20.000000 20.000000 2040.200000
58 1492349471 0.000000 0.200000 20.000000 20.000000 2040.200000
58 1492349470 0.000000 0.200000 20.000000 20.000000 2040.200000
58 1492349469 0.000000 0.200000 20.000000 20.000000 2040.200000
58 1492349468 0.000000 0.200000 20.000000 20.000000 2040.200000
58 1492349467 0.000000 0.200000 20.000000 20.000000 2040.200000
58 1492349466 0.000000 0.200000 20.000000 20.000000 2040.200000
58 1492349465 0.000000 0.200000 20.000000 20.000000 2040.200000
58 1492349464 0.000000 0.200000 20.000000 20.000000 2040.200000
58 1492349463 0.000000 0.200000 20.000000 20.000000 2040.200000
58 1492349462 0.000000 0.200000 20.000000 20.000000 2040.200000
58 1492349461 0.000000 0.200000 20.000000 20.000000 2040.200000
58 1492349460 0.000000 0.200000 20.000000 20.000000 2040.200000
58 1492349459 0.000000 0.200000 20.000000 20.000000 2040.200000
58 1492349458 0.000000 0.200000 20.000000 20.000000 2040.200000
58 1492349457 0.000000 0.200000 20.000000 20.000000 2040.200000
58 1492349456 0.000000 0.200000 20.000000 20.000000 2040.200000
58 1492349455 0.000000 0.200000 20.000000 20.000000 2040.200000
58 1492349454 0.000000 0.200000 20.000000 20.000000 2040.200000
58 1492349453 0.000000 0.200000 20.000000 20.000000 2040.200000
58 1492349452 0.000000 0.200000 20.000000 20.000000 2040.200000
58 1492349451 0.000000 0.200000 20.000000 20.000000 2040.200000
58 1492349450 0.000000 0.200000 20.000000 20.000000 2040.200000
58 1492349449 0.000000 0.200000 20.000000 20.000000 2040.200000
58 1492349448 0.000000 0.200000 20.000000 20.000000 2040.200000
58 1492349447 0.000000 0.200000 20.000000 20.000000 2040.200000
58 1492349446 0.000000 0.200000 20.000000 20.000000 2040.200000
