39 1492349418 1.471968 1.600000 0.486947 2.166623 4.255985
39 1492349419 1.471968 1.600000 0.486947 2.166623 4.255985
39 1492349420 1.471968 1.600000 0.486947 2.166623 4.255985
39 1492349421 1.471968 1.600000 0.486947 2.166623 4.255985
39 1492349422 1.471968 1.600000 0.486947 2.166623 4.255985
42 1492349423 0.327091 2.000000 0.238247 0.422775 0.223459
39 1492349423 0.728357 0.400000 0.655964 0.800750 0.214298
42 1492349424 0.327091 2.000000 0.238247 0.422775 0.223459
39 1492349424 0.728357 0.400000 0.655964 0.800750 0.214298
42 1492349425 0.327091 2.000000 0.238247 0.422775 0.223459
39 1492349425 0.728357 0.400000 0.655964 0.800750 0.214298
42 1492349426 0.327091 2.000000 0.238247 0.422775 0.223459
39 1492349426 0.728357 0.400000 0.655964 0.800750 0.214298
42 1492349427 0.327091 2.000000 0.238247 0.422775 0.223459
39 1492349427 0.728357 0.400000 0.655964 0.800750 0.214298
64 1492349428 1.015860 1.800000 0.550750 1.327982 1.991072
61 1492349428 9.671040 2.000000 8.751024 10.579282 188.206871
64 1492349429 1.015860 1.800000 0.550750 1.327982 1.991072
61 1492349429 9.671040 2.000000 8.751024 10.579282 188.206871
64 1492349430 1.015860 1.800000 0.550750 1.327982 1.991072
61 1492349430 9.671040 2.000000 8.751024 10.579282 188.206871
64 1492349431 1.015860 1.800000 0.550750 1.327982 1.991072
61 1492349431 9.671040 2.000000 8.751024 10.579282 188.206871
64 1492349432 1.015860 1.800000 0.550750 1.327982 1.991072
61 1492349432 9.671040 2.000000 8.751024 10.579282 188.206871
64 1492349433 0.552784 0.200000 0.552784 0.552784 0.061114
71 1492349433 0.453984 0.600000 0.452799 0.456057 0.123662
68 1492349433 0.724868 2.000000 0.424197 1.290753 1.178968
64 1492349434 0.552784 0.200000 0.552784 0.552784 0.061114
71 1492349434 0.453984 0.600000 0.452799 0.456057 0.123662
68 1492349434 0.724868 2.000000 0.424197 1.290753 1.178968
64 1492349435 0.552784 0.200000 0.552784 0.552784 0.061114
71 1492349435 0.453984 0.600000 0.452799 0.456057 0.123662
68 1492349435 0.724868 2.000000 0.424197 1.290753 1.178968
68 1492349436 0.724868 2.000000 0.424197 1.290753 1.178968
71 1492349436 0.453984 0.600000 0.452799 0.456057 0.123662
64 1492349436 0.552784 0.200000 0.552784 0.552784 0.061114
64 1492349437 0.552784 0.200000 0.552784 0.552784 0.061114
71 1492349437 0.453984 0.600000 0.452799 0.456057 0.123662
68 1492349437 0.724868 2.000000 0.424197 1.290753 1.178968
71 1492349438 0.403307 1.400000 0.237537 0.607292 0.271312
74 1492349438 0.969828 0.400000 0.969619 0.970037 0.376227
71 1492349439 0.403307 1.400000 0.237537 0.607292 0.271312
74 1492349439 0.969828 0.400000 0.969619 0.970037 0.376227
71 1492349440 0.403307 1.400000 0.237537 0.607292 0.271312
74 1492349440 0.969828 0.400000 0.969619 0.970037 0.376227
74 1492349441 0.969828 0.400000 0.969619 0.970037 0.376227
71 1492349441 0.403307 1.400000 0.237537 0.607292 0.271312
71 1492349442 0.403307 1.400000 0.237537 0.607292 0.271312
74 1492349442 0.969828 0.400000 0.969619 0.970037 0.376227
77 1492349443 19.220527 0.400000 19.211169 19.229885 147.771499
74 1492349443 1.539898 1.600000 0.921846 2.063498 4.091915
77 1492349444 19.220527 0.400000 19.211169 19.229885 147.771499
74 1492349444 1.539898 1.600000 0.921846 2.063498 4.091915
77 1492349507 18.484033 1.400000 17.816521 19.018584 478.686301
77 1492349506 18.484033 1.400000 17.816521 19.018584 478.686301
77 1492349505 18.484033 1.400000 17.816521 19.018584 478.686301
77 1492349504 18.484033 1.400000 17.816521 19.018584 478.686301
77 1492349503 18.484033 1.400000 17.816521 19.018584 478.686301
77 1492349492 19.634868 0.800000 19.608022 19.672137 308.423009
77 1492349491 19.634868 0.800000 19.608022 19.672137 308.423009
77 1492349490 19.634868 0.800000 19.608022 19.672137 308.423009
77 1492349489 19.634868 0.800000 19.608022 19.672137 308.423009
77 1492349488 19.634868 0.800000 19.608022 19.672137 308.423009
77 1492349487 18.377111 1.200000 18.258174 18.695244 405.291677
77 1492349486 18.377111 1.200000 18.258174 18.695244 405.291677
77 1492349485 18.377111 1.200000 18.258174 18.695244 405.291677
77 1492349484 18.377111 1.200000 18.258174 18.695244 405.291677
77 1492349483 18.377111 1.200000 18.258174 18.695244 405.291677
77 1492349472 19.327654 0.800000 18.613498 19.750976 299.012001
77 1492349471 19.327654 0.800000 18.613498 19.750976 299.012001
77 1492349470 19.327654 0.800000 18.613498 19.750976 299.012001
77 1492349469 19.327654 0.800000 18.613498 19.750976 299.012001
77 1492349468 19.327654 0.800000 18.613498 19.750976 299.012001
77 1492349467 18.929504 1.200000 18.609363 19.480634 430.079802
77 1492349466 18.929504 1.200000 18.609363 19.480634 430.079802
77 1492349465 18.929504 1.200000 18.609363 19.480634 430.079802
77 1492349464 18.929504 1.200000 18.609363 19.480634 430.079802
77 1492349463 18.929504 1.200000 18.609363 19.480634 430.079802
77 1492349452 19.659840 1.600000 18.230112 20.989694 620.099749
77 1492349451 19.659840 1.600000 18.230112 20.989694 620.099749
77 1492349450 19.659840 1.600000 18.230112 20.989694 620.099749
77 1492349449 19.659840 1.600000 18.230112 20.989694 620.099749
77 1492349448 19.659840 1.600000 18.230112 20.989694 620.099749
77 1492349447 19.220527 0.400000 19.211169 19.229885 147.771499
77 1492349446 19.220527 0.400000 19.211169 19.229885 147.771499
77 1492349445 19.220527 0.400000 19.211169 19.229885 147.771499
74 1492349502 0.871538 1.400000 0.460331 1.230589 1.189671
74 1492349501 0.871538 1.400000 0.460331 1.230589 1.189671
74 1492349500 0.871538 1.400000 0.460331 1.230589 1.189671
74 1492349499 0.871538 1.400000 0.460331 1.230589 1.189671
74 1492349498 0.871538 1.400000 0.460331 1.230589 1.189671
74 1492349487 1.212487 0.800000 1.157064 1.273799 1.177469
74 1492349486 1.212487 0.800000 1.157064 1.273799 1.177469
74 1492349485 1.212487 0.800000 1.157064 1.273799 1.177469
74 1492349484 1.212487 0.800000 1.157064 1.273799 1.177469
74 1492349483 1.212487 0.800000 1.157064 1.273799 1.177469
74 1492349482 0.667732 1.200000 0.601502 0.707380 0.537032
74 1492349481 0.667732 1.200000 0.601502 0.707380 0.537032
74 1492349480 0.667732 1.200000 0.601502 0.707380 0.537032
74 1492349479 0.667732 1.200000 0.601502 0.707380 0.537032
74 1492349478 0.667732 1.200000 0.601502 0.707380 0.537032
74 1492349467 1.247492 0.800000 1.146378 1.428903 1.254263
74 1492349466 1.247492 0.800000 1.146378 1.428903 1.254263
74 1492349465 1.247492 0.800000 1.146378 1.428903 1.254263
74 1492349464 1.247492 0.800000 1.146378 1.428903 1.254263
74 1492349463 1.247492 0.800000 1.146378 1.428903 1.254263
74 1492349462 0.678442 1.200000 0.584543 0.810249 0.563133
74 1492349461 0.678442 1.200000 0.584543 0.810249 0.563133
74 1492349460 0.678442 1.200000 0.584543 0.810249 0.563133
74 1492349459 0.678442 1.200000 0.584543 0.810249 0.563133
74 1492349458 0.678442 1.200000 0.584543 0.810249 0.563133
74 1492349447 1.539898 1.600000 0.921846 2.063498 4.091915
74 1492349446 1.539898 1.600000 0.921846 2.063498 4.091915
74 1492349445 1.539898 1.600000 0.921846 2.063498 4.091915
64 1492349492 0.629532 0.400000 0.520397 0.738667 0.163288
64 1492349491 0.629532 0.400000 0.520397 0.738667 0.163288
64 1492349490 0.629532 0.400000 0.520397 0.738667 0.163288
64 1492349489 0.629532 0.400000 0.520397 0.738667 0.163288
64 1492349488 0.629532 0.400000 0.520397 0.738667 0.163288
64 1492349487 0.847864 1.000000 0.549554 1.333445 0.792189
64 1492349486 0.847864 1.000000 0.549554 1.333445 0.792189
64 1492349485 0.847864 1.000000 0.549554 1.333445 0.792189
64 1492349484 0.847864 1.000000 0.549554 1.333445 0.792189
64 1492349483 0.847864 1.000000 0.549554 1.333445 0.792189
64 1492349472 1.058282 1.600000 0.676608 1.428345 1.992718
64 1492349471 1.058282 1.600000 0.676608 1.428345 1.992718
64 1492349470 1.058282 1.600000 0.676608 1.428345 1.992718
64 1492349469 1.058282 1.600000 0.676608 1.428345 1.992718
64 1492349468 1.058282 1.600000 0.676608 1.428345 1.992718
64 1492349467 0.627105 0.400000 0.625359 0.628851 0.157305
64 1492349466 0.627105 0.400000 0.625359 0.628851 0.157305
64 1492349465 0.627105 0.400000 0.625359 0.628851 0.157305
64 1492349464 0.627105 0.400000 0.625359 0.628851 0.157305
64 1492349463 0.627105 0.400000 0.625359 0.628851 0.157305
64 1492349452 1.215270 2.000000 0.447790 1.777509 3.147065
64 1492349451 1.215270 2.000000 0.447790 1.777509 3.147065
64 1492349450 1.215270 2.000000 0.447790 1.777509 3.147065
64 1492349449 1.215270 2.000000 0.447790 1.777509 3.147065
64 1492349448 1.215270 2.000000 0.447790 1.777509 3.147065
71 1492349497 0.269375 1.400000 0.213021 0.318699 0.103101
71 1492349496 0.269375 1.400000 0.213021 0.318699 0.103101
71 1492349495 0.269375 1.400000 0.213021 0.318699 0.103101
71 1492349494 0.269375 1.400000 0.213021 0.318699 0.103101
71 1492349493 0.269375 1.400000 0.213021 0.318699 0.103101
71 1492349482 0.339187 0.800000 0.300962 0.445781 0.095070
71 1492349481 0.339187 0.800000 0.300962 0.445781 0.095070
71 1492349480 0.339187 0.800000 0.300962 0.445781 0.095070
71 1492349479 0.339187 0.800000 0.300962 0.445781 0.095070
71 1492349478 0.339187 0.800000 0.300962 0.445781 0.095070
71 1492349477 0.256543 1.200000 0.240630 0.277071 0.079238
71 1492349476 0.256543 1.200000 0.240630 0.277071 0.079238
71 1492349475 0.256543 1.200000 0.240630 0.277071 0.079238
71 1492349474 0.256543 1.200000 0.240630 0.277071 0.079238
71 1492349473 0.256543 1.200000 0.240630 0.277071 0.079238
71 1492349462 0.295299 1.200000 0.237381 0.471273 0.112489
71 1492349461 0.295299 1.200000 0.237381 0.471273 0.112489
71 1492349460 0.295299 1.200000 0.237381 0.471273 0.112489
71 1492349459 0.295299 1.200000 0.237381 0.471273 0.112489
71 1492349458 0.295299 1.200000 0.237381 0.471273 0.112489
71 1492349457 0.305352 0.800000 0.221017 0.420876 0.078802
71 1492349456 0.305352 0.800000 0.221017 0.420876 0.078802
71 1492349455 0.305352 0.800000 0.221017 0.420876 0.078802
71 1492349454 0.305352 0.800000 0.221017 0.420876 0.078802
71 1492349453 0.305352 0.800000 0.221017 0.420876 0.078802
68 1492349497 0.503407 0.400000 0.500617 0.506196 0.101370
68 1492349496 0.503407 0.400000 0.500617 0.506196 0.101370
68 1492349495 0.503407 0.400000 0.500617 0.506196 0.101370
68 1492349494 0.503407 0.400000 0.500617 0.506196 0.101370
68 1492349493 0.503407 0.400000 0.500617 0.506196 0.101370
68 1492349492 0.543427 1.000000 0.439771 0.739045 0.306321
68 1492349491 0.543427 1.000000 0.439771 0.739045 0.306321
68 1492349490 0.543427 1.000000 0.439771 0.739045 0.306321
68 1492349489 0.543427 1.000000 0.439771 0.739045 0.306321
68 1492349488 0.543427 1.000000 0.439771 0.739045 0.306321
68 1492349477 0.618307 1.600000 0.581322 0.662711 0.613565
68 1492349476 0.618307 1.600000 0.581322 0.662711 0.613565
68 1492349475 0.618307 1.600000 0.581322 0.662711 0.613565
68 1492349474 0.618307 1.600000 0.581322 0.662711 0.613565
68 1492349473 0.618307 1.600000 0.581322 0.662711 0.613565
68 1492349472 1.058837 0.400000 0.958044 1.159631 0.452518
68 1492349471 1.058837 0.400000 0.958044 1.159631 0.452518
68 1492349470 1.058837 0.400000 0.958044 1.159631 0.452518
68 1492349469 1.058837 0.400000 0.958044 1.159631 0.452518
68 1492349468 1.058837 0.400000 0.958044 1.159631 0.452518
68 1492349457 0.636111 2.000000 0.471484 0.849880 0.847473
68 1492349456 0.636111 2.000000 0.471484 0.849880 0.847473
68 1492349455 0.636111 2.000000 0.471484 0.849880 0.847473
68 1492349454 0.636111 2.000000 0.471484 0.849880 0.847473
68 1492349453 0.636111 2.000000 0.471484 0.849880 0.847473
80 1492349507 0.564954 1.400000 0.474311 0.669158 0.452932
80 1492349506 0.564954 1.400000 0.474311 0.669158 0.452932
80 1492349505 0.564954 1.400000 0.474311 0.669158 0.452932
80 1492349504 0.564954 1.400000 0.474311 0.669158 0.452932
80 1492349503 0.564954 1.400000 0.474311 0.669158 0.452932
80 1492349492 0.704175 0.400000 0.674702 0.733648 0.198692
80 1492349491 0.704175 0.400000 0.674702 0.733648 0.198692
80 1492349490 0.704175 0.400000 0.674702 0.733648 0.198692
80 1492349489 0.704175 0.400000 0.674702 0.733648 0.198692
80 1492349488 0.704175 0.400000 0.674702 0.733648 0.198692
80 1492349487 0.695544 0.200000 0.695544 0.695544 0.096756
80 1492349486 0.695544 0.200000 0.695544 0.695544 0.096756
80 1492349485 0.695544 0.200000 0.695544 0.695544 0.096756
80 1492349484 0.695544 0.200000 0.695544 0.695544 0.096756
80 1492349483 0.695544 0.200000 0.695544 0.695544 0.096756
83 1492349507 0.564858 1.400000 0.474227 0.669033 0.452779
83 1492349506 0.564858 1.400000 0.474227 0.669033 0.452779
83 1492349505 0.564858 1.400000 0.474227 0.669033 0.452779
83 1492349504 0.564858 1.400000 0.474227 0.669033 0.452779
83 1492349503 0.564858 1.400000 0.474227 0.669033 0.452779
83 1492349492 0.704101 0.400000 0.674640 0.733563 0.198651
83 1492349491 0.704101 0.400000 0.674640 0.733563 0.198651
83 1492349490 0.704101 0.400000 0.674640 0.733563 0.198651
83 1492349489 0.704101 0.400000 0.674640 0.733563 0.198651
83 1492349488 0.704101 0.400000 0.674640 0.733563 0.198651
83 1492349487 0.695445 0.200000 0.695445 0.695445 0.096729
83 1492349486 0.695445 0.200000 0.695445 0.695445 0.096729
83 1492349485 0.695445 0.200000 0.695445 0.695445 0.096729
83 1492349484 0.695445 0.200000 0.695445 0.695445 0.096729
83 1492349483 0.695445 0.200000 0.695445 0.695445 0.096729
